[
    {
        "id": 0,
        "xform": [
            [
                1.0,
                5.551115123125783e-17,
                8.326672684688674e-17,
                1.1102230246251565e-16
            ],
            [
                8.326672684688674e-17,
                1.0000000000000002,
                5.551115123125783e-17,
                1.1102230246251565e-16
            ],
            [
                -5.551115123125783e-17,
                1.1102230246251565e-16,
                1.0,
                0.0
            ],
            [
                0.0,
                0.0,
                0.0,
                1.0
            ]
        ]
    },
    {
        "id": 1,
        "xform": [
            [
                0.9995769849529625,
                -0.006888570908046343,
                0.028255950580173245,
                -0.014568264792341745
            ],
            [
                0.006669463921280039,
                0.9999470147587748,
                0.00784129619496643,
                0.007590732980447101
            ],
            [
                -0.028308468756665706,
                -0.0076495271657316954,
                0.9995699652004321,
                -0.003964395762252715
            ],
            [
                0.0,
                0.0,
                0.0,
                1.0
            ]
        ]
    },
    {
        "id": 2,
        "xform": [
            [
                0.998667359343427,
                -0.0017470729737592006,
                0.051579580436933475,
                -0.03624218130169443
            ],
            [
                0.0013009409103567071,
                0.9999614670787497,
                0.008681699744995885,
                0.014049455615389728
            ],
            [
                -0.05159276048801324,
                -0.008603028172617766,
                0.9986311506114194,
                -0.009562274384595781
            ],
            [
                0.0,
                0.0,
                0.0,
                1.0
            ]
        ]
    },
    {
        "id": 3,
        "xform": [
            [
                0.9981234111993126,
                0.006337340007590037,
                0.060905616633245396,
                -0.05356278675775872
            ],
            [
                -0.006142592398165503,
                0.9999754074559453,
                -0.003384234321996249,
                0.01663262347807659
            ],
            [
                -0.06092556585274894,
                0.00300376512803191,
                0.9981377925019059,
                -0.013621075984642239
            ],
            [
                0.0,
                0.0,
                0.0,
                1.0
            ]
        ]
    },
    {
        "id": 4,
        "xform": [
            [
                0.9975261693569066,
                0.015364182715758179,
                0.0685965256963692,
                -0.0955421389411022
            ],
            [
                -0.01535491049819318,
                0.9998818869549877,
                -0.0006624673015326321,
                0.020706995209793133
            ],
            [
                -0.06859860182050595,
                -0.0003924650429326104,
                0.9976442641540427,
                -0.02030714248585197
            ],
            [
                0.0,
                0.0,
                0.0,
                1.0
            ]
        ]
    },
    {
        "id": 5,
        "xform": [
            [
                0.9974407454398171,
                0.016562109069844955,
                0.0695532593026379,
                -0.1139507109569391
            ],
            [
                -0.017068551656329117,
                0.9998319177460021,
                0.006693340026235561,
                0.022220701085401307
            ],
            [
                -0.06943071280648543,
                -0.007863383464523532,
                0.9975557845652908,
                -0.02108378323928961
            ],
            [
                0.0,
                0.0,
                0.0,
                1.0
            ]
        ]
    },
    {
        "id": 6,
        "xform": [
            [
                0.9977461692990509,
                0.00811929890466967,
                0.06660824749508104,
                -0.1546281617317009
            ],
            [
                -0.009776909758371283,
                0.9996496173237632,
                0.024597858037449905,
                0.022316407781380998
            ],
            [
                -0.06638519175724363,
                -0.02519364145475006,
                0.997475957978739,
                -0.022154221792020534
            ],
            [
                0.0,
                0.0,
                0.0,
                1.0
            ]
        ]
    },
    {
        "id": 7,
        "xform": [
            [
                0.9973208517754925,
                -0.005681784993525368,
                0.07293034987639291,
                -0.18926956940058015
            ],
            [
                0.0029081829190164554,
                0.9992704302860805,
                0.038080830190282355,
                0.020121597487933074
            ],
            [
                -0.07309350919141369,
                -0.03776671120390174,
                0.9966097603570443,
                -0.021141461951637908
            ],
            [
                0.0,
                0.0,
                0.0,
                1.0
            ]
        ]
    },
    {
        "id": 8,
        "xform": [
            [
                0.996716624068757,
                -0.014695293889353173,
                0.07962424029455845,
                -0.22748457676438294
            ],
            [
                0.011733505235126757,
                0.9992263077872685,
                0.0375381230313972,
                0.015130885629781377
            ],
            [
                -0.08011426938989889,
                -0.03648059982139229,
                0.9961178994861974,
                -0.017730302715631918
            ],
            [
                0.0,
                0.0,
                0.0,
                1.0
            ]
        ]
    },
    {
        "id": 9,
        "xform": [
            [
                0.9971117330315599,
                -0.05574251179821485,
                0.05158453478732539,
                -0.261741599147556
            ],
            [
                0.05369857190031216,
                0.9977478344953096,
                0.04019604627059026,
                0.007795854216042231
            ],
            [
                -0.05370898646098185,
                -0.03730993350766337,
                0.9978593656598045,
                -0.011717505396725336
            ],
            [
                0.0,
                0.0,
                0.0,
                1.0
            ]
        ]
    },
    {
        "id": 10,
        "xform": [
            [
                0.995719714491946,
                -0.08596731930624771,
                0.033939213063574725,
                -0.2870965555418463
            ],
            [
                0.08394366759641816,
                0.9948319256008208,
                0.057121803856538866,
                -0.00030191325874728836
            ],
            [
                -0.03867442103689642,
                -0.05402832420740494,
                0.997790173002721,
                -0.004879205303290113
            ],
            [
                0.0,
                0.0,
                0.0,
                1.0
            ]
        ]
    },
    {
        "id": 11,
        "xform": [
            [
                0.9936235679323489,
                -0.09675216082533383,
                0.057889762696159947,
                -0.313579007450524
            ],
            [
                0.09437939425912142,
                0.9946324504855255,
                0.042412479065013775,
                -0.011313930692750884
            ],
            [
                -0.06168253552400638,
                -0.03667843803636689,
                0.9974216545646792,
                0.0029817878233938666
            ],
            [
                0.0,
                0.0,
                0.0,
                1.0
            ]
        ]
    },
    {
        "id": 12,
        "xform": [
            [
                0.9902178486481004,
                -0.10134798414822616,
                0.09590202462835945,
                -0.3373209522229119
            ],
            [
                0.09827440055283176,
                0.9944985626688977,
                0.03625949593525196,
                -0.023568048965324606
            ],
            [
                -0.0990492524692092,
                -0.026480086075914733,
                0.9947301395990285,
                0.011977155730637179
            ],
            [
                0.0,
                0.0,
                0.0,
                1.0
            ]
        ]
    },
    {
        "id": 13,
        "xform": [
            [
                0.9781346410407228,
                -0.1227391845557956,
                0.1678919788754503,
                -0.3691266341323449
            ],
            [
                0.11833073683431869,
                0.9923194959661652,
                0.03605349699687088,
                -0.040658350987746616
            ],
            [
                -0.17102766067622957,
                -0.015398392774393033,
                0.9851458921315066,
                0.02882857036141384
            ],
            [
                0.0,
                0.0,
                0.0,
                1.0
            ]
        ]
    },
    {
        "id": 14,
        "xform": [
            [
                0.9630104158750423,
                -0.1433163527159311,
                0.2281915028224769,
                -0.3861745013815291
            ],
            [
                0.1364627247238784,
                0.9895942470250658,
                0.045619634104498485,
                -0.05044667956858018
            ],
            [
                -0.23235503798521928,
                -0.012792548577048424,
                0.9725469073642623,
                0.03875625115039116
            ],
            [
                0.0,
                0.0,
                0.0,
                1.0
            ]
        ]
    },
    {
        "id": 15,
        "xform": [
            [
                0.9450740162521449,
                -0.16224040775326373,
                0.2837483989330961,
                -0.40701537995101145
            ],
            [
                0.15122901203222094,
                0.9866488543511425,
                0.060446870285703946,
                -0.05950141103572615
            ],
            [
                -0.28976695761387145,
                -0.014215776434405913,
                0.9569916519884423,
                0.05033768536684147
            ],
            [
                0.0,
                0.0,
                0.0,
                1.0
            ]
        ]
    },
    {
        "id": 16,
        "xform": [
            [
                0.9309406410829124,
                -0.16362377575628717,
                0.32646099734484696,
                -0.4290135501694312
            ],
            [
                0.15207657651035283,
                0.9864984725443453,
                0.06077399562777097,
                -0.06702186858772274
            ],
            [
                -0.331997345858407,
                -0.006929911610527251,
                0.9432548641104603,
                0.061837390808723525
            ],
            [
                0.0,
                0.0,
                0.0,
                1.0
            ]
        ]
    },
    {
        "id": 17,
        "xform": [
            [
                0.9176098968983186,
                -0.16135692109936575,
                0.3632575135184266,
                -0.46348097464602556
            ],
            [
                0.14534287736219542,
                0.986816556419371,
                0.07119362314626293,
                -0.07693409237461124
            ],
            [
                -0.3699561124165062,
                -0.012531080956855123,
                0.9289647177884195,
                0.08166879190771092
            ],
            [
                0.0,
                0.0,
                0.0,
                1.0
            ]
        ]
    },
    {
        "id": 18,
        "xform": [
            [
                0.9075672254303477,
                -0.1483284422720176,
                0.3928363584723503,
                -0.4974412164382056
            ],
            [
                0.12612002547677792,
                0.9886271784777196,
                0.08191484083436973,
                -0.08904634047383964
            ],
            [
                -0.40051900141990393,
                -0.024798693278879902,
                0.9159528122743348,
                0.10648744262444798
            ],
            [
                0.0,
                0.0,
                0.0,
                1.0
            ]
        ]
    },
    {
        "id": 19,
        "xform": [
            [
                0.8949590293623297,
                -0.13907102943341004,
                0.4239193137085967,
                -0.526672738634886
            ],
            [
                0.10232053226981846,
                0.9888296270445142,
                0.1083811669757625,
                -0.10607870721432666
            ],
            [
                -0.4342566573339518,
                -0.05362105417966495,
                0.8991918249794111,
                0.1355724317645961
            ],
            [
                0.0,
                0.0,
                0.0,
                1.0
            ]
        ]
    },
    {
        "id": 20,
        "xform": [
            [
                0.8873085138902714,
                -0.1419521058873154,
                0.43878605357508127,
                -0.5493562524204088
            ],
            [
                0.1069252665581221,
                0.9888465666300786,
                0.10367957868056654,
                -0.12773968850084516
            ],
            [
                -0.44860961709409697,
                -0.04507845713932074,
                0.8925902442625203,
                0.16270562346861617
            ],
            [
                0.0,
                0.0,
                0.0,
                1.0
            ]
        ]
    },
    {
        "id": 21,
        "xform": [
            [
                0.8876792965091742,
                -0.1387778439437588,
                0.439051450947721,
                -0.5686532750047844
            ],
            [
                0.10011976044012363,
                0.9888604233769124,
                0.11014125770230654,
                -0.1481063577088806
            ],
            [
                -0.4494457699415911,
                -0.05381238806404448,
                0.8916853294590277,
                0.19151106921674765
            ],
            [
                0.0,
                0.0,
                0.0,
                1.0
            ]
        ]
    },
    {
        "id": 22,
        "xform": [
            [
                0.8906038020227647,
                -0.10987665632076607,
                0.44130713592504334,
                -0.585066051593401
            ],
            [
                0.08102843326629777,
                0.9931861407305247,
                0.0837596732516051,
                -0.16792718984611388
            ],
            [
                -0.44750336403764124,
                -0.038838257640820606,
                0.8934384863651328,
                0.22336990438126336
            ],
            [
                0.0,
                0.0,
                0.0,
                1.0
            ]
        ]
    },
    {
        "id": 23,
        "xform": [
            [
                0.8840772856749636,
                -0.08270849468398378,
                0.45996375711646853,
                -0.5896273160078775
            ],
            [
                0.044704547882541405,
                0.9946683810604582,
                0.09293177668152347,
                -0.18869799435596113
            ],
            [
                -0.4651976529951606,
                -0.061596401077306295,
                0.8830611683355334,
                0.26791492146460205
            ],
            [
                0.0,
                0.0,
                0.0,
                1.0
            ]
        ]
    },
    {
        "id": 24,
        "xform": [
            [
                0.8825752599874738,
                -0.08214470634355739,
                0.46293969118857536,
                -0.5831389599586598
            ],
            [
                0.0439770346031369,
                0.9947256799309544,
                0.09266521522888355,
                -0.1995389962171671
            ],
            [
                -0.46810995597782085,
                -0.06142531160386139,
                0.8815327561746137,
                0.27902500312154366
            ],
            [
                0.0,
                0.0,
                0.0,
                1.0
            ]
        ]
    },
    {
        "id": 25,
        "xform": [
            [
                0.8681588610681121,
                -0.06823864678974237,
                0.4915726589561533,
                -0.5677372236323861
            ],
            [
                0.02739478856592346,
                0.995580997259711,
                0.08982206552282956,
                -0.20606163283562695
            ],
            [
                -0.4955297342323124,
                -0.06451329304619219,
                0.8661918479828759,
                0.2785134078914424
            ],
            [
                0.0,
                0.0,
                0.0,
                1.0
            ]
        ]
    },
    {
        "id": 26,
        "xform": [
            [
                0.8562144443268643,
                -0.09790513177456603,
                0.5072587214609955,
                -0.5342538837572948
            ],
            [
                0.05239953397938353,
                0.9932728499882992,
                0.10326342195988547,
                -0.20133059951378096
            ],
            [
                -0.513956334881459,
                -0.06183551284113953,
                0.8555847445968698,
                0.27005508214004836
            ],
            [
                0.0,
                0.0,
                0.0,
                1.0
            ]
        ]
    },
    {
        "id": 27,
        "xform": [
            [
                0.832140135205432,
                -0.1574044251892886,
                0.5317580674621827,
                -0.49164019345590426
            ],
            [
                0.10129199974296617,
                0.9858833941628954,
                0.13331865549097072,
                -0.17460910808933106
            ],
            [
                -0.5452363947576835,
                -0.05707696597296302,
                0.8363369499113171,
                0.25123208304452094
            ],
            [
                0.0,
                0.0,
                0.0,
                1.0
            ]
        ]
    },
    {
        "id": 28,
        "xform": [
            [
                0.8014162554426243,
                -0.23104166723420905,
                0.5516808257624685,
                -0.4504219488268444
            ],
            [
                0.14502365031960088,
                0.9699167418093458,
                0.19552405173257054,
                -0.13305885124074035
            ],
            [
                -0.5802586719389035,
                -0.07668938622508181,
                0.8108135492701881,
                0.22991700702975826
            ],
            [
                0.0,
                0.0,
                0.0,
                1.0
            ]
        ]
    },
    {
        "id": 29,
        "xform": [
            [
                0.7915158824896568,
                -0.30837394758717396,
                0.5276439293843175,
                -0.42989335205906154
            ],
            [
                0.20957554909362647,
                0.9479707186874995,
                0.23964474902073418,
                -0.0965769009070746
            ],
            [
                -0.5740911922236089,
                -0.07910135877852159,
                0.8149615193680415,
                0.21310201328614575
            ],
            [
                0.0,
                0.0,
                0.0,
                1.0
            ]
        ]
    },
    {
        "id": 30,
        "xform": [
            [
                0.7968924512704806,
                -0.2991976696746099,
                0.5248268053076249,
                -0.4246281256591964
            ],
            [
                0.17441566380914159,
                0.9456952117804212,
                0.2742986376809066,
                -0.059040259634829506
            ],
            [
                -0.5783957099824834,
                -0.1270484981291305,
                0.8058021356369014,
                0.20072065823280216
            ],
            [
                0.0,
                0.0,
                0.0,
                1.0
            ]
        ]
    },
    {
        "id": 31,
        "xform": [
            [
                0.8241479034503079,
                -0.2590028908643849,
                0.5036841627074982,
                -0.42277315961877115
            ],
            [
                0.10270112999199527,
                0.942910209409092,
                0.31681668972841326,
                -0.011296079815195537
            ],
            [
                -0.5569853778483143,
                -0.20937487794860615,
                0.8036973617893597,
                0.18782327887343875
            ],
            [
                0.0,
                0.0,
                0.0,
                1.0
            ]
        ]
    },
    {
        "id": 32,
        "xform": [
            [
                0.8708128206120883,
                -0.19355389453212615,
                0.45190919593328205,
                -0.4226348976478689
            ],
            [
                0.025860772037869274,
                0.9359968551642299,
                0.3510571286732078,
                0.038255419446763805
            ],
            [
                -0.49093406067131284,
                -0.29401832771804937,
                0.8200835146731443,
                0.15718001200256781
            ],
            [
                0.0,
                0.0,
                0.0,
                1.0
            ]
        ]
    },
    {
        "id": 33,
        "xform": [
            [
                0.9042876642257922,
                -0.09251918569239095,
                0.41677814315037875,
                -0.4121446641644049
            ],
            [
                -0.05554858569711246,
                0.9424385591838779,
                0.32973309932499495,
                0.06721803644414959
            ],
            [
                -0.4232944305753517,
                -0.32132501060800284,
                0.8470962534456491,
                0.1136987307642563
            ],
            [
                0.0,
                0.0,
                0.0,
                1.0
            ]
        ]
    },
    {
        "id": 34,
        "xform": [
            [
                0.9284371985104579,
                -0.027204109131212184,
                0.3704919767936001,
                -0.37005390723362286
            ],
            [
                -0.10592036808945038,
                0.9365319650268785,
                0.3341986746034299,
                0.0949755194777624
            ],
            [
                -0.3560691562686212,
                -0.3495251277508826,
                0.8666296446723256,
                0.049661317351216594
            ],
            [
                0.0,
                0.0,
                0.0,
                1.0
            ]
        ]
    },
    {
        "id": 35,
        "xform": [
            [
                0.9459164013620008,
                0.023185784882506805,
                0.3235808724472822,
                -0.31949022019727824
            ],
            [
                -0.12728727609094925,
                0.9439833222104104,
                0.3044559684649708,
                0.10331263019457049
            ],
            [
                -0.2983958963855043,
                -0.32917762191251526,
                0.8958805624927424,
                -0.009626507184570365
            ],
            [
                0.0,
                0.0,
                0.0,
                1.0
            ]
        ]
    },
    {
        "id": 36,
        "xform": [
            [
                0.9553565704699851,
                0.11339699172388679,
                0.2728276846799106,
                -0.25586983758832926
            ],
            [
                -0.1925595806424542,
                0.9393308420120551,
                0.2838633071528017,
                0.09902482698308124
            ],
            [
                -0.22408621368265846,
                -0.3237262601533838,
                0.9192315689337878,
                -0.07332502883390302
            ],
            [
                0.0,
                0.0,
                0.0,
                1.0
            ]
        ]
    },
    {
        "id": 37,
        "xform": [
            [
                0.9619980294838627,
                0.15788104812632114,
                0.2227854706027726,
                -0.1853379062059286
            ],
            [
                -0.21399558012331396,
                0.9426975668792985,
                0.2559827906081511,
                0.08646451315789416
            ],
            [
                -0.16960448978977777,
                -0.2939300461715074,
                0.940659048221386,
                -0.11231958194175551
            ],
            [
                0.0,
                0.0,
                0.0,
                1.0
            ]
        ]
    },
    {
        "id": 38,
        "xform": [
            [
                0.961745641323198,
                0.18013470900176176,
                0.20638994163641125,
                -0.0990114267137453
            ],
            [
                -0.229883589826536,
                0.9404519224541749,
                0.2504071018975137,
                0.06256259956114218
            ],
            [
                -0.14899280695488468,
                -0.2882735994937749,
                0.9458855508520083,
                -0.1409141175193629
            ],
            [
                0.0,
                0.0,
                0.0,
                1.0
            ]
        ]
    },
    {
        "id": 39,
        "xform": [
            [
                0.965152753338412,
                0.19637438983877006,
                0.17296607106231285,
                -0.012574950731811141
            ],
            [
                -0.23374481933348842,
                0.9441111275377053,
                0.23241673410974084,
                0.014598384843420242
            ],
            [
                -0.11765849802728709,
                -0.26474757387922154,
                0.9571129504750362,
                -0.17532617538193196
            ],
            [
                0.0,
                0.0,
                0.0,
                1.0
            ]
        ]
    },
    {
        "id": 40,
        "xform": [
            [
                0.9481174476693942,
                0.27577808951580873,
                0.15817632808952048,
                0.05976677004144526
            ],
            [
                -0.303586133946606,
                0.9330687513812042,
                0.19292009867111903,
                -0.06586389534925685
            ],
            [
                -0.09438625270783005,
                -0.23093105148275628,
                0.9683811670829012,
                -0.2137660882559138
            ],
            [
                0.0,
                0.0,
                0.0,
                1.0
            ]
        ]
    },
    {
        "id": 41,
        "xform": [
            [
                0.9319076876073398,
                0.3440009019914071,
                0.11494103361045122,
                0.11518525933792562
            ],
            [
                -0.36034814938531995,
                0.9141502761431004,
                0.18568382768046465,
                -0.15655703162330192
            ],
            [
                -0.04119797340787063,
                -0.2144589752297434,
                0.9758637583856121,
                -0.25993670745117003
            ],
            [
                0.0,
                0.0,
                0.0,
                1.0
            ]
        ]
    },
    {
        "id": 42,
        "xform": [
            [
                0.9183598296815118,
                0.3930580705111614,
                0.046049716974022076,
                0.1501297718922111
            ],
            [
                -0.39534609204354404,
                0.905966144223866,
                0.1514160263183495,
                -0.2367481432050419
            ],
            [
                0.017795806619602582,
                -0.15725997178616147,
                0.9873968860294088,
                -0.3112787629771063
            ],
            [
                0.0,
                0.0,
                0.0,
                1.0
            ]
        ]
    },
    {
        "id": 43,
        "xform": [
            [
                0.901602003936572,
                0.42248308530358764,
                -0.0928540205371797,
                0.19045932392734854
            ],
            [
                -0.4012871456650245,
                0.8970524152328906,
                0.18510967302887005,
                -0.29625580742018764
            ],
            [
                0.16150062916773675,
                -0.12963412728598617,
                0.9783212866033456,
                -0.3458334317253755
            ],
            [
                0.0,
                0.0,
                0.0,
                1.0
            ]
        ]
    },
    {
        "id": 44,
        "xform": [
            [
                0.8607908904849477,
                0.4896793485114986,
                -0.1387558232993635,
                0.24930866150908793
            ],
            [
                -0.465335748327389,
                0.8676305695494636,
                0.1751566045339481,
                -0.3765790662773464
            ],
            [
                0.20615936599320137,
                -0.08620516472130452,
                0.9747137966545119,
                -0.3809951943768173
            ],
            [
                0.0,
                0.0,
                0.0,
                1.0
            ]
        ]
    },
    {
        "id": 45,
        "xform": [
            [
                0.805782146831896,
                0.5748629880201015,
                -0.1422943317619545,
                0.29749876908479184
            ],
            [
                -0.5717185952690801,
                0.8177712945690918,
                0.06624166062487885,
                -0.46705416363720753
            ],
            [
                0.15444409885304866,
                0.027975967961672454,
                0.9876053693384201,
                -0.42533197695703784
            ],
            [
                0.0,
                0.0,
                0.0,
                1.0
            ]
        ]
    },
    {
        "id": 46,
        "xform": [
            [
                0.6519847777421954,
                0.6926485765176937,
                -0.3084700942400603,
                0.32353950843032786
            ],
            [
                -0.7063626608520819,
                0.7027324343921543,
                0.08496421015488176,
                -0.5511439500504217
            ],
            [
                0.27562227948122375,
                0.16249638488682977,
                0.9474319415938459,
                -0.4106920413247377
            ],
            [
                0.0,
                0.0,
                0.0,
                1.0
            ]
        ]
    },
    {
        "id": 47,
        "xform": [
            [
                0.5330075269128429,
                0.760259377903753,
                -0.37136054524363965,
                0.339924482192261
            ],
            [
                -0.792334516897301,
                0.6024621946720853,
                0.09615257315337578,
                -0.587087801717468
            ],
            [
                0.2968315845515358,
                0.24299173298755047,
                0.9234966313486646,
                -0.35673194345456927
            ],
            [
                0.0,
                0.0,
                0.0,
                1.0
            ]
        ]
    },
    {
        "id": 48,
        "xform": [
            [
                0.3710814651108327,
                0.8469193296870293,
                -0.38082304979303755,
                0.39201701946593215
            ],
            [
                -0.8382409468660468,
                0.4819698495665377,
                0.25506308848189374,
                -0.580953506228017
            ],
            [
                0.3995630879452092,
                0.22457228927737632,
                0.8887725387524116,
                -0.24311918898026197
            ],
            [
                0.0,
                0.0,
                0.0,
                1.0
            ]
        ]
    },
    {
        "id": 49,
        "xform": [
            [
                0.3794106521818565,
                0.8363142180767744,
                -0.39576013651398956,
                0.47418302257865563
            ],
            [
                -0.7580333233717302,
                0.526233275986326,
                0.38531029041891585,
                -0.5836213475324384
            ],
            [
                0.5305026273911826,
                0.15380854295952787,
                0.8336125565535341,
                -0.13475134063374195
            ],
            [
                0.0,
                0.0,
                0.0,
                1.0
            ]
        ]
    },
    {
        "id": 50,
        "xform": [
            [
                0.4080983418435274,
                0.7663109641013044,
                -0.49620887706961947,
                0.6034650971020574
            ],
            [
                -0.6254855066511201,
                0.6306113106888465,
                0.4594532139409697,
                -0.6190669385058002
            ],
            [
                0.6649989656788607,
                0.12286936611468513,
                0.7366678318731044,
                -0.041030503636440896
            ],
            [
                0.0,
                0.0,
                0.0,
                1.0
            ]
        ]
    },
    {
        "id": 51,
        "xform": [
            [
                0.4470830355244165,
                0.6584585404770392,
                -0.6054329936657898,
                0.795963684986316
            ],
            [
                -0.5016925437023165,
                0.7449504835186862,
                0.43971964784254847,
                -0.656019238578955
            ],
            [
                0.740554758906978,
                0.10715002369632465,
                0.6633984635813566,
                0.04899949792898095
            ],
            [
                0.0,
                0.0,
                0.0,
                1.0
            ]
        ]
    },
    {
        "id": 52,
        "xform": [
            [
                0.47302226464721203,
                0.5928556390336199,
                -0.6517454475591379,
                0.9317366461583134
            ],
            [
                -0.4904531174558381,
                0.79170979449913,
                0.36421331781250843,
                -0.6630619781044537
            ],
            [
                0.731919173629078,
                0.14736957813668217,
                0.6652642563026694,
                0.11746491134746051
            ],
            [
                0.0,
                0.0,
                0.0,
                1.0
            ]
        ]
    },
    {
        "id": 53,
        "xform": [
            [
                0.4743312063746493,
                0.5845482739129507,
                -0.6582653128675091,
                1.0112448185065628
            ],
            [
                -0.4976873740543754,
                0.794833025776209,
                0.3471998543235535,
                -0.6596712314158152
            ],
            [
                0.7261660859376662,
                0.1629226092377189,
                0.6679364034345959,
                0.1536601232785233
            ],
            [
                0.0,
                0.0,
                0.0,
                1.0
            ]
        ]
    },
    {
        "id": 54,
        "xform": [
            [
                0.45799996531347587,
                0.5974694374410435,
                -0.6582296735158158,
                1.086439866523334
            ],
            [
                -0.47962359282558076,
                0.78951777478681,
                0.38291368805615383,
                -0.6587791663327452
            ],
            [
                0.7484632529242408,
                0.14032802506829112,
                0.6481595516556835,
                0.17294428708313325
            ],
            [
                0.0,
                0.0,
                0.0,
                1.0
            ]
        ]
    },
    {
        "id": 55,
        "xform": [
            [
                0.42979387984285494,
                0.6250940553338068,
                -0.651563230113518,
                1.1351715712285657
            ],
            [
                -0.46757893841314624,
                0.7714027516617668,
                0.4316337927932544,
                -0.6663728071178433
            ],
            [
                0.7724293865474441,
                0.11914368096961986,
                0.6238249963595148,
                0.1766453107454441
            ],
            [
                0.0,
                0.0,
                0.0,
                1.0
            ]
        ]
    },
    {
        "id": 56,
        "xform": [
            [
                0.411308969289976,
                0.649403893981827,
                -0.6396088760038098,
                1.1991179001662444
            ],
            [
                -0.5225533452156732,
                0.7429476396421523,
                0.41829033715119923,
                -0.6938774337465236
            ],
            [
                0.7468352784821606,
                0.16218319034781137,
                0.6449292050939226,
                0.17769532475063987
            ],
            [
                0.0,
                0.0,
                0.0,
                1.0
            ]
        ]
    },
    {
        "id": 57,
        "xform": [
            [
                0.40265780332884277,
                0.6602015720400842,
                -0.6340351549355858,
                1.2397636873923497
            ],
            [
