[
    {
        "id": 0,
        "xform": [
            [
                0.9997090832141137,
                -0.009983246725199641,
                0.02195640507960333,
                -0.03368739999999992
            ],
            [
                0.010221384866575353,
                0.9998898603103581,
                -0.010760601281602111,
                0.010182100000000138
            ],
            [
                -0.02184656107045648,
                0.010981895708668032,
                0.9997010181729529,
                -0.011189799999999472
            ],
            [
                0.0,
                0.0,
                0.0,
                1.0
            ]
        ]
    },
    {
        "id": 1,
        "xform": [
            [
                0.9996970849482201,
                -0.009841774860372599,
                0.022558320274977298,
                -0.03888512050830262
            ],
            [
                0.01005023426004122,
                0.9999076652965397,
                -0.00914623816337401,
                0.012355686773483032
            ],
            [
                -0.022466222142340876,
                0.009370184033443585,
                0.9997036903572131,
                -0.012055376140908791
            ],
            [
                0.0,
                0.0,
                0.0,
                1.0
            ]
        ]
    },
    {
        "id": 2,
        "xform": [
            [
                0.9996647461170258,
                -0.008430310121345652,
                0.024481120114087627,
                -0.045282713433964505
            ],
            [
                0.008545490768337851,
                0.9999528874309449,
                -0.004604074939083269,
                0.014925342274428377
            ],
            [
                -0.02444115296606731,
                0.004811734591015804,
                0.9996896904799585,
                -0.013074039659437098
            ],
            [
                0.0,
                0.0,
                0.0,
                1.0
            ]
        ]
    },
    {
        "id": 3,
        "xform": [
            [
                0.9996996884549665,
                -0.008087982302489017,
                0.02313260567505661,
                -0.054769694833529003
            ],
            [
                0.008258898194064088,
                0.9999392297888546,
                -0.007302556394352622,
                0.017794959275026112
            ],
            [
                -0.02307213695484493,
                0.0074914131875928325,
                0.9997057343162489,
                -0.014578194636226893
            ],
            [
                0.0,
                0.0,
                0.0,
                1.0
            ]
        ]
    },
    {
        "id": 4,
        "xform": [
            [
                0.99970520265874,
                -0.009083660076912085,
                0.022516547174347812,
                -0.06095235867300719
            ],
            [
                0.009104731450837435,
                0.9999582037185792,
                -0.0008334753267610351,
                0.019571111312941702
            ],
            [
                -0.02250803505985469,
                0.0010382367356731592,
                0.9997461229843431,
                -0.015806995590903483
            ],
            [
                0.0,
                0.0,
                0.0,
                1.0
            ]
        ]
    },
    {
        "id": 5,
        "xform": [
            [
                0.9997257742563459,
                -0.008860289438172523,
                0.0216765209067645,
                -0.06484828216463567
            ],
            [
                0.008839859550181638,
                0.9999603888004918,
                0.0010381296174770682,
                0.01985226376286392
            ],
            [
                -0.02168486040265541,
                -0.0008462275352584259,
                0.9997644976334559,
                -0.016094629815711414
            ],
            [
                0.0,
                0.0,
                0.0,
                1.0
            ]
        ]
    },
    {
        "id": 6,
        "xform": [
            [
                0.9997583750207355,
                -0.004580122454386201,
                0.021499164034908768,
                -0.07451514490824673
            ],
            [
                0.004601892162515487,
                0.9999889473379712,
                -0.000963218781105668,
                0.019931285675003962
            ],
            [
                -0.021494514751946976,
                0.001061922877860444,
                0.9997684022589328,
                -0.01733379091645082
            ],
            [
                0.0,
                0.0,
                0.0,
                1.0
            ]
        ]
    },
    {
        "id": 7,
        "xform": [
            [
                0.9997947579812819,
                -0.00047421527799763885,
                0.02025381527070319,
                -0.08218711372882426
            ],
            [
                0.0005740119970761293,
                0.9999877232432667,
                -0.004921775388524285,
                0.019524627127811944
            ],
            [
                -0.020251232638456067,
                0.004932391166359684,
                0.9997827559495138,
                -0.018220088407184143
            ],
            [
                0.0,
                0.0,
                0.0,
                1.0
            ]
        ]
    },
    {
        "id": 8,
        "xform": [
            [
                0.9998255249076888,
                0.0010820167403093953,
                0.018648028926349786,
                -0.08653717146896567
            ],
            [
                -0.000889039948247055,
                0.9999460052451586,
                -0.010353559881493002,
                0.018824158765847254
            ],
            [
                -0.01865822475571321,
                0.010335174600505315,
                0.9997725015296944,
                -0.01964358471252714
            ],
            [
                0.0,
                0.0,
                0.0,
                1.0
            ]
        ]
    },
    {
        "id": 9,
        "xform": [
            [
                0.9998857323072549,
                -0.003601572982961626,
                0.014681655234770797,
                -0.09188713931950943
            ],
            [
                0.003761539952378549,
                0.9999337067371576,
                -0.010882690295806297,
                0.016703256977762482
            ],
            [
                -0.014641487136590053,
                0.010936672388627833,
                0.9998329940802579,
                -0.020628277356677494
            ],
            [
                0.0,
                0.0,
                0.0,
                1.0
            ]
        ]
    },
    {
        "id": 10,
        "xform": [
            [
                0.9997074471118172,
                -0.002205202797457669,
                0.024086454072661724,
                -0.09805324904473645
            ],
            [
                0.0024547757909613374,
                0.9999435596784659,
                -0.010336901536441734,
                0.014776287813402067
            ],
            [
                -0.024062299661264046,
                0.010393004290390084,
                0.9996564365805041,
                -0.02118134217753198
            ],
            [
                0.0,
                0.0,
                0.0,
                1.0
            ]
        ]
    },
    {
        "id": 11,
        "xform": [
            [
                0.9994630296996447,
                -0.004475364869670196,
                0.0324595651987161,
                -0.1051854484302388
            ],
            [
                0.005024551799615112,
                0.9998452803287611,
                -0.016857321362360733,
                0.012298653565414763
            ],
            [
                -0.032379100401638175,
                0.017011364248179617,
                0.9993308798108844,
                -0.02264184224895871
            ],
            [
                0.0,
                0.0,
                0.0,
                1.0
            ]
        ]
    },
    {
        "id": 12,
        "xform": [
            [
                0.9994074315577366,
                -0.018849348875394405,
                0.028800829747448613,
                -0.11696944529918674
            ],
            [
                0.019549796718463276,
                0.9995151048440701,
                -0.02423552427356057,
                0.008796310807707763
            ],
            [
                -0.028330040512406878,
                0.024784213433579894,
                0.9992913246741635,
                -0.025371496622714318
            ],
            [
                0.0,
                0.0,
                0.0,
                1.0
            ]
        ]
    },
    {
        "id": 13,
        "xform": [
            [
                0.9989287517557396,
                -0.019242562434670415,
                0.04208411465941485,
                -0.12509505226080364
            ],
            [
                0.020199616083319438,
                0.9995442041200691,
                -0.02243567516397399,
                0.006803342223061948
            ],
            [
                -0.04163321301323582,
                0.023261723945672386,
                0.998862136519985,
                -0.024062837871954734
            ],
            [
                0.0,
                0.0,
                0.0,
                1.0
            ]
        ]
    },
    {
        "id": 14,
        "xform": [
            [
                0.9980765111980522,
                -0.026159189446766463,
                0.05620475604619058,
                -0.13999705962709041
            ],
            [
                0.026774592760116386,
                0.9995892090884955,
                -0.010224199546457258,
                0.0053928674806493215
            ],
            [
                -0.05591421087034619,
                0.011709392867439217,
                0.9983669120826383,
                -0.020653917594777305
            ],
            [
                0.0,
                0.0,
                0.0,
                1.0
            ]
        ]
    },
    {
        "id": 15,
        "xform": [
            [
                0.9967620797015343,
                -0.02839319307282745,
                0.07522754187264986,
                -0.1590256064364446
            ],
            [
                0.02877437200512055,
                0.9995779774326616,
                -0.003987799812009252,
                0.0045785559583321755
            ],
            [
                -0.07508256778229605,
                0.006139512908925893,
                0.997158419909524,
                -0.016673804145535875
            ],
            [
                0.0,
                0.0,
                0.0,
                1.0
            ]
        ]
    },
    {
        "id": 16,
        "xform": [
            [
                0.9951446589733954,
                -0.03347108972728464,
                0.09255697633994098,
                -0.1826995106779319
            ],
            [
                0.033872760119254414,
                0.9994223099677362,
                -0.002771725213242371,
                0.0031585172937575456
            ],
            [
                -0.09241073443398112,
                0.005893427799026352,
                0.9957035320165085,
                -0.014301095112382978
            ],
            [
                0.0,
                0.0,
                0.0,
                1.0
            ]
        ]
    },
    {
        "id": 17,
        "xform": [
            [
                0.9947012430041752,
                -0.037096856091542875,
                0.09588149161372105,
                -0.2122296182164417
            ],
            [
                0.03861357733325522,
                0.9991559808792347,
                -0.014011335367599131,
                0.0010120199345164393
            ],
            [
                -0.0952807893096894,
                0.017639420097553593,
                0.9952941384571421,
                -0.013176240521416638
            ],
            [
                0.0,
                0.0,
                0.0,
                1.0
            ]
        ]
    },
    {
        "id": 18,
        "xform": [
            [
                0.9945027151486061,
                -0.040851738280223676,
                0.09641309579893026,
                -0.24594217970617427
            ],
            [
                0.04170866872821956,
                0.9991060665484814,
                -0.006888740011117833,
                0.0011954247905713866
            ],
            [
                -0.09604549190341649,
                0.010872132518749189,
                0.995317567522811,
                -0.01027976672388764
            ],
            [
                0.0,
                0.0,
                0.0,
                1.0
            ]
        ]
    },
    {
        "id": 19,
        "xform": [
            [
                0.9939655889236735,
                -0.0451266485480933,
                0.09997996612537774,
                -0.2781514024016559
            ],
            [
                0.04528371853061883,
                0.9989739216913515,
                0.0006990111883817263,
                0.0017642900213951651
            ],
            [
                -0.09990892288306641,
                0.0038326715771983544,
                0.9949892048444181,
                -0.007586745056312072
            ],
            [
                0.0,
                0.0,
                0.0,
                1.0
            ]
        ]
    },
    {
        "id": 20,
        "xform": [
            [
                0.9940394499210662,
                -0.05328264964585685,
                0.09511325484568968,
                -0.3184032971947989
            ],
            [
                0.05358220053239564,
                0.998563263947253,
                -0.000596390069397823,
                -0.000670512353746544
            ],
            [
                -0.0949448249602388,
                0.005689212750953132,
                0.9954662792237337,
                -0.005870148727598501
            ],
            [
                0.0,
                0.0,
                0.0,
                1.0
            ]
        ]
    },
    {
        "id": 21,
        "xform": [
            [
                0.9922632407561071,
                -0.04822045880135976,
                0.11440475688175732,
                -0.3590927832207113
            ],
            [
                0.04718049207027223,
                0.9988168904855366,
                0.011782208995357535,
                -0.004485385072333703
            ],
            [
                -0.1148375470488403,
                -0.006293380156138062,
                0.993364349649219,
                -0.002530616860995316
            ],
            [
                0.0,
                0.0,
                0.0,
                1.0
            ]
        ]
    },
    {
        "id": 22,
        "xform": [
            [
                0.991516363928664,
                -0.05218865374934532,
                0.11904471631076903,
                -0.3994834723304094
            ],
            [
                0.051185484123158695,
                0.9986232837313369,
                0.011470980983326218,
                -0.007284111374378954
            ],
            [
                -0.11947948056782981,
                -0.0052803039186118395,
                0.9928226287276942,
                -0.0026273863291139676
            ],
            [
                0.0,
                0.0,
                0.0,
                1.0
            ]
        ]
    },
    {
        "id": 23,
        "xform": [
            [
                0.9892684906492398,
                -0.0499037619301195,
                0.13732249616794956,
                -0.44879394904873465
            ],
            [
                0.04933232858318444,
                0.9987537801127897,
                0.0075636014552636355,
                -0.008637099674296211
            ],
            [
                -0.13752881430862152,
                -0.0007079940927007256,
                0.9904975133634762,
                -0.009026316589070493
            ],
            [
                0.0,
                0.0,
                0.0,
                1.0
            ]
        ]
    },
    {
        "id": 24,
        "xform": [
            [
                0.9881935368078496,
                -0.05873017301366821,
                0.14150724571193274,
                -0.5008999107639802
            ],
            [
                0.060065768988238,
                0.9981809716932515,
                -0.005181809082531186,
                -0.008499545971581368
            ],
            [
                -0.1409455114824319,
                0.013620371775424245,
                0.9899236577967289,
                -0.019249321661368946
            ],
            [
                0.0,
                0.0,
                0.0,
                1.0
            ]
        ]
    },
    {
        "id": 25,
        "xform": [
            [
                0.9873362732108183,
                -0.0715903358619806,
                0.14156944378410471,
                -0.5760084985093595
            ],
            [
                0.0753225317133546,
                0.9969343583610735,
                -0.02117548902587707,
                -0.0009207971109320146
            ],
            [
                -0.13961948223103632,
                0.03157069733729623,
                0.9897018193633749,
                -0.02589632193230651
            ],
            [
                0.0,
                0.0,
                0.0,
                1.0
            ]
        ]
    },
    {
        "id": 26,
        "xform": [
            [
                0.9836323846447309,
                -0.06415399775352126,
                0.16837932310815484,
                -0.6493420624852569
            ],
            [
                0.06502621271101633,
                0.997883500090697,
                0.00033452533661648687,
                0.01484305044869999
            ],
            [
                -0.16804440942376184,
                0.01062001972598764,
                0.9857222182960261,
                -0.0186162460597874
            ],
            [
                0.0,
                0.0,
                0.0,
                1.0
            ]
        ]
    },
    {
        "id": 27,
        "xform": [
            [
                0.9834286333177652,
                -0.06173485645013239,
                0.1704609359056618,
                -0.6621461054830733
            ],
            [
                0.06271604958071991,
                0.9980313415059208,
                -0.00037215169163834494,
                0.017635733450336477
            ],
            [
                -0.17010238180502146,
                0.011056621137330025,
                0.9853643645034487,
                -0.016465105766259036
            ],
            [
                0.0,
                0.0,
                0.0,
                1.0
            ]
        ]
    },
    {
        "id": 28,
        "xform": [
            [
                0.9835064333732404,
                -0.06082924093407148,
                0.1703376028973991,
                -0.7353196473741707
            ],
            [
                0.058024473863615166,
                0.9980857516326918,
                0.02140076682399711,
                0.028904401011684733
            ],
            [
                -0.17131332682047243,
                -0.011164042063210922,
                0.9851533424896415,
                0.009285426238024641
            ],
            [
                0.0,
                0.0,
                0.0,
                1.0
            ]
        ]
    },
    {
        "id": 29,
        "xform": [
            [
                0.9835971085546809,
                -0.06873819476900446,
                0.16676866798883225,
                -0.7882010072063564
            ],
            [
                0.06385343084062547,
                0.9973633095839802,
                0.03448431622594783,
                0.028249349864119144
            ],
            [
                -0.1686993402854689,
                -0.023269922122519715,
                0.9853928370511222,
                0.04894538955486283
            ],
            [
                0.0,
                0.0,
                0.0,
                1.0
            ]
        ]
    },
    {
        "id": 30,
        "xform": [
            [
                0.9820021405341919,
                -0.07340020404901496,
                0.17402357895362341,
                -0.8316021482444643
            ],
            [
                0.06945985298304957,
                0.9971737111608892,
                0.0286342206667623,
                0.013742572926587149
            ],
            [
                -0.1756334956944096,
                -0.016031213777586206,
                0.984325086226588,
                0.09702349662528498
            ],
            [
                0.0,
                0.0,
                0.0,
                1.0
            ]
        ]
    },
    {
        "id": 31,
        "xform": [
            [
                0.980648261129227,
                -0.08003379260569086,
                0.1786717100868867,
                -0.8741369079487575
            ],
            [
                0.07878456900670185,
                0.9967921166151085,
                0.014087865005038669,
                -0.009896263750359291
            ],
            [
                -0.17922605734281913,
                0.00026133335267114477,
                0.9838078837223392,
                0.15858102758177006
            ],
            [
                0.0,
                0.0,
                0.0,
                1.0
            ]
        ]
    },
    {
        "id": 32,
        "xform": [
            [
                0.9775090830692208,
                -0.10733243177015886,
                0.18153716315805815,
                -0.9116624574634161
            ],
            [
                0.10350928118991576,
                0.994162806174482,
                0.030432606310110966,
                -0.041707092470232354
            ],
            [
                -0.18374390119053807,
                -0.010957367821856301,
                0.9829130759460364,
                0.23518170845196806
            ],
            [
                0.0,
                0.0,
                0.0,
                1.0
            ]
        ]
    },
    {
        "id": 33,
        "xform": [
            [
                0.9693156589654343,
                -0.11888476260361223,
                0.2151593979009251,
                -0.9350165873088124
            ],
            [
                0.11303746755913786,
                0.9928121851568669,
                0.0393255124806316,
                -0.07774203605335434
            ],
            [
                -0.21828807620257848,
                -0.013797761584047386,
                0.9757868299803227,
                0.29854200722119373
            ],
            [
                0.0,
                0.0,
                0.0,
                1.0
            ]
        ]
    },
    {
        "id": 34,
        "xform": [
            [
                0.9638525075009833,
                -0.11906825262173758,
                0.2383507814161135,
                -0.9555944139718755
            ],
            [
                0.11345735405972046,
                0.9928471842171117,
                0.037173883331168556,
                -0.10490384641156242
            ],
            [
                -0.24107213151634338,
                -0.008787491664756786,
                0.9704674169679313,
                0.34722546547848765
            ],
            [
                0.0,
                0.0,
                0.0,
                1.0
            ]
        ]
    },
    {
        "id": 35,
        "xform": [
            [
                0.955567333880366,
                -0.12703168470042045,
                0.2659962809945693,
                -0.9827685051333587
            ],
            [
                0.1219827260984697,
                0.9918975787631057,
                0.0354881357283503,
                -0.13708445876984948
            ],
            [
                -0.2683491847469537,
                -0.0014643517545523954,
                0.9633205960216901,
                0.4162037733570747
            ],
            [
                0.0,
                0.0,
                0.0,
                1.0
            ]
        ]
    },
    {
        "id": 36,
        "xform": [
            [
                0.9436243760585508,
                -0.15030543551903172,
                0.294925944876921,
                -1.018923257567936
            ],
            [
                0.1565582600486321,
                0.9876657138510918,
                0.002439035374459997,
                -0.17291312284039312
            ],
            [
                -0.2916548441542766,
                0.04387155953971977,
                0.9555170004478712,
                0.48244357036245855
            ],
            [
                0.0,
                0.0,
                0.0,
                1.0
            ]
        ]
    },
    {
        "id": 37,
        "xform": [
            [
                0.9307540552092033,
                -0.16664933524274939,
                0.3254610387969237,
                -1.0474422357294073
            ],
            [
                0.17597796592448595,
                0.9843937906341037,
                0.0007876992451353315,
                -0.2044990231291109
            ],
            [
                -0.32051309524058996,
                0.05654081732845795,
                0.9455551235941387,
                0.5337146029986042
            ],
            [
                0.0,
                0.0,
                0.0,
                1.0
            ]
        ]
    },
    {
        "id": 38,
        "xform": [
            [
                0.9158032019302492,
                -0.18247139462156048,
                0.35778301452020544,
                -1.0713823140240377
            ],
            [
                0.18921374645389893,
                0.9817989587985582,
                0.016400080943301865,
                -0.24186890958183344
            ],
            [
                -0.354263536773378,
                0.0526782179551466,
                0.933660726316518,
                0.5939024276623814
            ],
            [
                0.0,
                0.0,
                0.0,
                1.0
            ]
        ]
    },
    {
        "id": 39,
        "xform": [
            [
                0.8976414335881252,
                -0.19595221384795541,
                0.39476902942599246,
                -1.0865629122971585
            ],
            [
                0.21076661726490456,
                0.9775182226275039,
                0.005963009129191454,
                -0.28417286547089754
            ],
            [
                -0.38706238483294175,
                0.07785148886983939,
                0.9187610439761718,
                0.6602665350714791
            ],
            [
                0.0,
                0.0,
                0.0,
                1.0
            ]
        ]
    },
    {
        "id": 40,
        "xform": [
            [
                0.8790011294999925,
                -0.20969127437608812,
                0.4282365979085267,
                -1.0991214265801332
            ],
            [
                0.22224996359728633,
                0.9747611179380806,
                0.021112002205100344,
                -0.3222435160201534
            ],
            [
                -0.4218553875663342,
                0.07661809451190621,
                0.9034200017570027,
                0.7372161892991671
            ],
            [
                0.0,
                0.0,
                0.0,
                1.0
            ]
        ]
    },
    {
        "id": 41,
        "xform": [
            [
                0.862209152947367,
                -0.24514941162901543,
                0.4432799821238613,
                -1.1088700148188704
            ],
            [
                0.25376687036912826,
                0.9664019732121547,
                0.04086075959538321,
                -0.358162156979909
            ],
            [
                -0.4384036405834713,
                0.07725925284133406,
                0.8954514256918449,
                0.8100557133157045
            ],
            [
                0.0,
                0.0,
                0.0,
                1.0
            ]
        ]
    },
    {
        "id": 42,
        "xform": [
            [
                0.8425386640474565,
                -0.2783138196389922,
                0.4611615957374172,
                -1.119841557554626
            ],
            [
                0.2772050381742549,
                0.9581255403522573,
                0.07178311595009351,
                -0.3907932088319765
            ],
            [
                -0.46182893629128163,
                0.06735626713713555,
                0.8844078057555883,
                0.8888362928072597
            ],
            [
                0.0,
                0.0,
                0.0,
                1.0
            ]
        ]
    },
    {
        "id": 43,
        "xform": [
            [
                0.8167987689906001,
                -0.28995764924116835,
                0.498762801962992,
                -1.1331087681321041
            ],
            [
                0.2802119074416838,
                0.9550899273583442,
                0.09635620159867958,
                -0.4169414900735629
            ],
            [
                -0.5043025460012398,
                0.06105564924859713,
                0.861365862912792,
                0.9653445179311229
            ],
            [
                0.0,
                0.0,
                0.0,
                1.0
            ]
        ]
    },
    {
        "id": 44,
        "xform": [
            [
                0.7785190406625233,
                -0.26090042651321393,
                0.5708231519228412,
                -1.1596406959790402
            ],
            [
                0.26998833536522987,
                0.9602663003562965,
                0.07067482696649013,
                -0.4323484277941068
            ],
            [
                -0.5665813287539719,
                0.09909389408663971,
                0.8180256707843155,
                1.0338852581868294
            ],
            [
                0.0,
                0.0,
                0.0,
                1.0
            ]
        ]
    },
    {
        "id": 45,
        "xform": [
            [
                0.7430351278631013,
                -0.2917114893091886,
                0.6023314749923662,
                -1.1933856093528408
            ],
            [
                0.30566012120437325,
                0.9485739977006331,
                0.08233626899226626,
                -0.4341361506535247
            ],
            [
                -0.5953744108263239,
                0.12292997149293611,
                0.7939883708480582,
                1.1109100909901053
            ],
            [
                0.0,
                0.0,
                0.0,
                1.0
            ]
        ]
    },
    {
        "id": 46,
        "xform": [
            [
                0.7335878208744503,
                -0.3075103946327025,
                0.606041472390722,
                -1.2297258871551295
            ],
            [
                0.3321640347047085,
                0.9402341610076204,
                0.07501184255159365,
                -0.4431916132320471
            ],
            [
                -0.5928878166342805,
                0.1462774065504835,
                0.7918882226801334,
                1.183790766115556
            ],
            [
                0.0,
                0.0,
                0.0,
                1.0
            ]
        ]
    },
    {
        "id": 47,
        "xform": [
            [
                0.7329458503218226,
                -0.2784024001700738,
                0.6207112727150703,
                -1.2595103145916127
            ],
            [
                0.31550087259040505,
                0.9474765685241318,
                0.052415183796584,
                -0.4559116057710602
            ],
            [
                -0.6027018996906459,
                0.1574174567107436,
                0.7822852193618437,
                1.2467582154214338
            ],
            [
                0.0,
                0.0,
                0.0,
                1.0
            ]
        ]
    },
    {
        "id": 48,
        "xform": [
            [
                0.7146422554838252,
                -0.3053191623554125,
                0.629338268163934,
                -1.2757863797036997
            ],
            [
                0.3410358202888392,
                0.9376154033820455,
                0.06761600861217809,
                -0.4571190457969851
            ],
            [
                -0.6107217172795717,
                0.16630563562102407,
                0.7741843576331014,
                1.29967552632298
            ],
            [
                0.0,
                0.0,
                0.0,
                1.0
            ]
        ]
    },
    {
        "id": 49,
        "xform": [
            [
                0.6974753879923168,
                -0.31765130997297447,
                0.6423595009162859,
                -1.3094530545867828
            ],
            [
                0.3421459795635057,
                0.9352323112379741,
                0.09097611051812482,
                -0.45912992754091536
            ],
            [
                -0.6296540413699382,
                0.15632712269126614,
                0.7609846377539917,
                1.3396479087504598
            ],
            [
                0.0,
                0.0,
                0.0,
                1.0
            ]
        ]
    },
    {
        "id": 50,
        "xform": [
            [
                0.6616703430004355,
                -0.3585781696391282,
                0.6584937763198203,
                -1.3868836659409218
            ],
            [
                0.3670545245421607,
                0.920708468770241,
                0.13254015070115888,
                -0.48844785095754556
            ],
            [
                -0.6538068011322716,
                0.1540052330052783,
                0.7408232279027,
                1.3676380818807015
            ],
            [
                0.0,
                0.0,
                0.0,
                1.0
            ]
        ]
    },
    {
        "id": 51,
        "xform": [
            [
                0.680959363208256,
                -0.3339014201609488,
                0.6517700417121881,
                -1.465451611460357
            ],
            [
                0.3583928046961383,
                0.9280895834834721,
                0.10101644703468177,
                -0.5267197411100151
            ],
            [
                -0.6386305216641638,
                0.16480159781985265,
                0.7516591582326272,
                1.383924283433315
            ],
            [
                0.0,
                0.0,
                0.0,
                1.0
            ]
        ]
    },
    {
        "id": 52,
        "xform": [
            [
                0.685488117081423,
                -0.3162630483290849,
                0.6558076894957542,
                -1.5357779444145578
            ],
            [
                0.32563547430177026,
                0.9387952971045437,
                0.11236070492237238,
                -0.5605802236829562
            ],
            [
                -0.6512047137547654,
                0.13653231996851956,
                0.7465194882838544,
                1.3913158064930398
            ],
            [
                0.0,
                0.0,
                0.0,
                1.0
            ]
        ]
    },
    {
        "id": 53,
        "xform": [
            [
                0.6588660295699867,
                -0.3098742365631197,
                0.6854732034099542,
                -1.6334962150929142
            ],
            [
                0.31766935446873795,
                0.9405947391781511,
                0.11986541562019132,
                -0.58798693421771
            ],
            [
                -0.6818956931306256,
                0.13877857956042622,
                0.718163469932225,
                1.4021887910555095
            ],
            [
                0.0,
                0.0,
                0.0,
                1.0
            ]
        ]
    },
    {
        "id": 54,
        "xform": [
            [
                0.655512635012647,
                -0.3084537852780026,
                0.6893181034083232,
                -1.732807152289638
            ],
            [
                0.32869833084667555,
                0.9383200640172611,
                0.10729801844047415,
                -0.6094752326720563
            ],
            [
                -0.6798974868591481,
                0.15624250321316113,
                0.716468902013409,
                1.4077386363367137
            ],
            [
                0.0,
                0.0,
                0.0,
                1.0
            ]
        ]
    },
    {
        "id": 55,
        "xform": [
            [
                0.6572453311649435,
                -0.3166880782826947,
                0.6839131785069629,
                -1.818628186972099
            ],
            [
                0.3339825060315129,
                0.9358546812252184,
                0.1123908416809608,
                -0.6225062303487179
            ],
            [
                -0.675636189325878,
                0.15454668130522298,
                0.7208543978992901,
                1.4205621735079728
            ],
            [
                0.0,
                0.0,
                0.0,
                1.0
            ]
        ]
    },
    {
        "id": 56,
        "xform": [
            [
                0.6311504595136722,
                -0.3552743934137431,
                0.6895137437645291,
                -1.8948543642844218
            ],
            [
                0.36832529091467786,
                0.9195956197909088,
                0.13667617251734954,
                -0.6342850603636228
            ],
            [
                -0.6826313628367058,
                0.16770212117284378,
                0.7112597423064453,
                1.439613132954424
            ],
            [
                0.0,
                0.0,
                0.0,
                1.0
            ]
        ]
    },
    {
        "id": 57,
        "xform": [
            [
