[
    {
        "id": 0,
        "xform": [
            [
                1.0,
                3.469446951953614e-17,
                6.938893903907228e-18,
                0.0
            ],
            [
                -3.469446951953614e-17,
                1.0,
                -5.551115123125783e-17,
                -2.220446049250313e-16
            ],
            [
                -6.591949208711867e-17,
                0.0,
                1.0,
                0.0
            ],
            [
                0.0,
                0.0,
                0.0,
                1.0
            ]
        ]
    },
    {
        "id": 1,
        "xform": [
            [
                0.9978477076846335,
                -0.05657668273823113,
                0.033151640062886,
                0.011330958422165693
            ],
            [
                0.05715467527526877,
                0.9982247505060818,
                -0.01675382258616842,
                0.01675446285035287
            ],
            [
                -0.032144911925531594,
                0.018612534685199633,
                0.9993099009766145,
                -0.02935706653995429
            ],
            [
                0.0,
                0.0,
                0.0,
                1.0
            ]
        ]
    },
    {
        "id": 2,
        "xform": [
            [
                0.9962636598520157,
                -0.07369450143041972,
                0.045031550241901766,
                0.014641359939355558
            ],
            [
                0.07481382842422192,
                0.9969159353537371,
                -0.023696179318496047,
                0.02214926958831298
            ],
            [
                -0.04314639190915199,
                0.026976625005828536,
                0.9987044861061336,
                -0.039937581747402584
            ],
            [
                0.0,
                0.0,
                0.0,
                1.0
            ]
        ]
    },
    {
        "id": 3,
        "xform": [
            [
                0.9920317856470536,
                -0.10816716615442903,
                0.06459721690628847,
                0.01889738958679743
            ],
            [
                0.11231303637963622,
                0.9915824043931003,
                -0.0644214029433115,
                0.04062786281773456
            ],
            [
                -0.05708518306096959,
                0.0711631889681607,
                0.9958298461136706,
                -0.079980281505307
            ],
            [
                0.0,
                0.0,
                0.0,
                1.0
            ]
        ]
    },
    {
        "id": 4,
        "xform": [
            [
                0.9937631896019415,
                -0.10053797359386155,
                0.048237318103465994,
                0.009054319714840942
            ],
            [
                0.10523798006430395,
                0.9886128732971986,
                -0.10756186267930495,
                0.062470361827543286
            ],
            [
                -0.0368739819406601,
                0.11196741765663998,
                0.9930274955101408,
                -0.12272474562058489
            ],
            [
                0.0,
                0.0,
                0.0,
                1.0
            ]
        ]
    },
    {
        "id": 5,
        "xform": [
            [
                0.997240475649355,
                -0.07258850790770081,
                0.015567345514945033,
                -0.005570720874252144
            ],
            [
                0.07400100400273821,
                0.988721202679382,
                -0.13020842821731254,
                0.07902957060646276
            ],
            [
                -0.005940129058760426,
                0.1310011140867508,
                0.9913644249088198,
                -0.15152684263423177
            ],
            [
                0.0,
                0.0,
                0.0,
                1.0
            ]
        ]
    },
    {
        "id": 6,
        "xform": [
            [
                0.9983849044789257,
                -0.03413194960967237,
                -0.0454157739606995,
                -0.03300893048642206
            ],
            [
                0.02695119489667171,
                0.9882789370974819,
                -0.1502610248305028,
                0.09954801379278178
            ],
            [
                0.05001215454515201,
                0.14879432954690885,
                0.9876026690387374,
                -0.18731228859328652
            ],
            [
                0.0,
                0.0,
                0.0,
                1.0
            ]
        ]
    },
    {
        "id": 7,
        "xform": [
            [
                0.9925579540859512,
                -0.016933063814836176,
                -0.12059012866131714,
                -0.05588833399779358
            ],
            [
                -0.00027521947310561734,
                0.9899703152713419,
                -0.14127526016893904,
                0.11063322848955037
            ],
            [
                0.12177287068535392,
                0.1402570719479143,
                0.9825982504226463,
                -0.20681487585986158
            ],
            [
                0.0,
                0.0,
                0.0,
                1.0
            ]
        ]
    },
    {
        "id": 8,
        "xform": [
            [
                0.9799770542281792,
                0.03743821346750509,
                -0.195559078947058,
                -0.09207137345755378
            ],
            [
                -0.06404899234394189,
                0.9892344630029539,
                -0.13157850807401245,
                0.12105313715896626
            ],
            [
                0.18852771617453445,
                0.14146928069237763,
                0.9718249548423807,
                -0.22846004064958958
            ],
            [
                0.0,
                0.0,
                0.0,
                1.0
            ]
        ]
    },
    {
        "id": 9,
        "xform": [
            [
                0.9680018104005871,
                0.08071597315032475,
                -0.23760771607753214,
                -0.11545472731467021
            ],
            [
                -0.11497109505879483,
                0.9842864586277476,
                -0.1340216947476348,
                0.1256144334940934
            ],
            [
                0.22305636588577038,
                0.15705126246051837,
                0.9620710777262718,
                -0.23634821776068682
            ],
            [
                0.0,
                0.0,
                0.0,
                1.0
            ]
        ]
    },
    {
        "id": 10,
        "xform": [
            [
                0.9319340205666264,
                0.15370018274904595,
                -0.32844365594943614,
                -0.1554827184327967
            ],
            [
                -0.20096747736320208,
                0.9728265091031445,
                -0.11498111248574538,
                0.1325442021388128
            ],
            [
                0.30184607725261664,
                0.17316130344016967,
                0.9374988579396286,
                -0.2468414648071371
            ],
            [
                0.0,
                0.0,
                0.0,
                1.0
            ]
        ]
    },
    {
        "id": 11,
        "xform": [
            [
                0.8986800734018761,
                0.20868203844412817,
                -0.3857796424141661,
                -0.18074959363509757
            ],
            [
                -0.2698151257345986,
                0.9564759336960511,
                -0.11114668769283964,
                0.1375588523100577
            ],
            [
                0.34579462632496344,
                0.203974496178003,
                0.9158714327424502,
                -0.25352265490856407
            ],
            [
                0.0,
                0.0,
                0.0,
                1.0
            ]
        ]
    },
    {
        "id": 12,
        "xform": [
            [
                0.812034172706801,
                0.32303458676105123,
                -0.48605468633940485,
                -0.2291988591116545
            ],
            [
                -0.4113761777859444,
                0.9075783842508236,
                -0.08408993275589427,
                0.15404686051117134
            ],
            [
                0.41396877020689327,
                0.26823521803965333,
                0.8698733960161165,
                -0.2646579259129933
            ],
            [
                0.0,
                0.0,
                0.0,
                1.0
            ]
        ]
    },
    {
        "id": 13,
        "xform": [
            [
                0.7555667263019246,
                0.39601621041460483,
                -0.5218142228746235,
                -0.24724161211240148
            ],
            [
                -0.4953600886894639,
                0.866644427124172,
                -0.05954678386093748,
                0.1713589967614917
            ],
            [
                0.42864589656143737,
                0.3034775082662139,
                0.850978317783462,
                -0.2708157666550375
            ],
            [
                0.0,
                0.0,
                0.0,
                1.0
            ]
        ]
    },
    {
        "id": 14,
        "xform": [
            [
                0.6565408300456901,
                0.47026332868828835,
                -0.5897512527955546,
                -0.25395033150334156
            ],
            [
                -0.5731490961999018,
                0.8193091422803502,
                0.015252635872910536,
                0.20065060226928522
            ],
            [
                0.49036134840355355,
                0.32800141930614646,
                0.8074409061504136,
                -0.27536053627619905
            ],
            [
                0.0,
                0.0,
                0.0,
                1.0
            ]
        ]
    },
    {
        "id": 15,
        "xform": [
            [
                0.6119597471495918,
                0.4727830513911978,
                -0.6340200739612549,
                -0.24459164517944076
            ],
            [
                -0.5694848892024685,
                0.8196928675053691,
                0.061567555829973586,
                0.2235215745206306
            ],
            [
                0.5488098293932604,
                0.323387985673637,
                0.7708618435772311,
                -0.27588362189922155
            ],
            [
                0.0,
                0.0,
                0.0,
                1.0
            ]
        ]
    },
    {
        "id": 16,
        "xform": [
            [
                0.7559621394971255,
                0.3845969771297162,
                -0.5297229547882671,
                -0.2826675159083063
            ],
            [
                -0.42904185370067766,
                0.9022701569155498,
                0.04279780032519037,
                0.36749996039234845
            ],
            [
                0.49441311817144795,
                0.19491980177055634,
                0.8470902782216972,
                -0.32513839293729907
            ],
            [
                0.0,
                0.0,
                0.0,
                1.0
            ]
        ]
    },
    {
        "id": 17,
        "xform": [
            [
                0.8542219528721353,
                0.2738997995556212,
                -0.441909215829117,
                -0.3832902970733836
            ],
            [
                -0.26268259377070446,
                0.9608801187023417,
                0.08779095860319419,
                0.4127906223060971
            ],
            [
                0.44866770572575165,
                0.0410888949226329,
                0.8927536012544706,
                -0.37990107963197794
            ],
            [
                0.0,
                0.0,
                0.0,
                1.0
            ]
        ]
    },
    {
        "id": 18,
        "xform": [
            [
                0.8928251662995681,
                0.21396179387334463,
                -0.39633770093778425,
                -0.5030561211960125
            ],
            [
                -0.20256674317893625,
                0.9766950993291051,
                0.07094644109740678,
                0.41042020456186923
            ],
            [
                0.4022809179914292,
                0.016942069206839105,
                0.915359508232128,
                -0.46458040704986203
            ],
            [
                0.0,
                0.0,
                0.0,
                1.0
            ]
        ]
    },
    {
        "id": 19,
        "xform": [
            [
                0.9166783848186604,
                0.2444597100550683,
                -0.31613318232359516,
                -0.614617464700343
            ],
            [
                -0.23038138688323118,
                0.9696570810164012,
                0.0817897414870023,
                0.37666851191724326
            ],
            [
                0.3265350752737148,
                -0.002143687137522221,
                0.945182653893651,
                -0.55787611905814
            ],
            [
                0.0,
                0.0,
                0.0,
                1.0
            ]
        ]
    },
    {
        "id": 20,
        "xform": [
            [
                0.9516080518075365,
                0.24378960281437106,
                -0.1871062406620254,
                -0.7118501640832695
            ],
            [
                -0.2346827499656657,
                0.9695686378217857,
                0.06971845825145218,
                0.3425871018848582
            ],
            [
                0.19840897813258698,
                -0.02243403913738795,
                0.9798625369327906,
                -0.588646066424261
            ],
            [
                0.0,
                0.0,
                0.0,
                1.0
            ]
        ]
    },
    {
        "id": 21,
        "xform": [
            [
                0.9902212799232722,
                0.13160388074546178,
                -0.04628428847730112,
                -0.852398874312753
            ],
            [
                -0.12692959458798428,
                0.9875878592201941,
                0.09251539514374596,
                0.3353810558933853
            ],
            [
                0.057885186402444506,
                -0.08573586701963071,
                0.9946349412229323,
                -0.5208571074855262
            ],
            [
                0.0,
                0.0,
                0.0,
                1.0
            ]
        ]
    },
    {
        "id": 22,
        "xform": [
            [
                0.9972616010082673,
                0.0546030926047712,
                -0.049877865155018145,
                -0.9151038964269415
            ],
            [
                -0.04923679927735728,
                0.9934494672086653,
                0.10312077239693312,
                0.34678112811910233
            ],
            [
                0.05518185164842364,
                -0.1003825601427542,
                0.9934174876998279,
                -0.4738015174360162
            ],
            [
                0.0,
                0.0,
                0.0,
                1.0
            ]
        ]
    },
    {
        "id": 23,
        "xform": [
            [
                0.999160618892531,
                0.013206448783105278,
                -0.03877689215026147,
                -0.9534573454934119
            ],
            [
                -0.008359396993049903,
                0.9924211753941801,
                0.12259825084864023,
                0.35705368700636053
            ],
            [
                0.04010209640662661,
                -0.12217119275742877,
                0.9916985537571488,
                -0.44406353703025414
            ],
            [
                0.0,
                0.0,
                0.0,
                1.0
            ]
        ]
    },
    {
        "id": 24,
        "xform": [
            [
                0.9935530719115563,
                -0.08406324789877458,
                0.07606355006058435,
                -1.0714449437308364
            ],
            [
                0.07071974678734463,
                0.9839712110956387,
                0.16370514087625887,
                0.37268043615013613
            ],
            [
                -0.08860592931313185,
                -0.15727055060529016,
                0.9835725510621294,
                -0.4172418783686127
            ],
            [
                0.0,
                0.0,
                0.0,
                1.0
            ]
        ]
    },
    {
        "id": 25,
        "xform": [
            [
                0.962119875626028,
                -0.17412047542573972,
                0.2097794197791327,
                -1.1834037267870012
            ],
            [
                0.14627094034030022,
                0.979033775908225,
                0.14176627822880294,
                0.35008532187041297
            ],
            [
                -0.23006554921873806,
                -0.10571152098232467,
                0.9674166203835257,
                -0.4688192155165196
            ],
            [
                0.0,
                0.0,
                0.0,
                1.0
            ]
        ]
    },
    {
        "id": 26,
        "xform": [
            [
                0.9398097223106487,
                -0.22161011305270928,
                0.2600896838460649,
                -1.2906096493757915
            ],
            [
                0.19374410005972229,
                0.972584622114294,
                0.12861717038888631,
                0.3061689685701636
            ],
            [
                -0.28146209254965215,
                -0.07048482545598733,
                0.9569801355503726,
                -0.5229332994013454
            ],
            [
                0.0,
                0.0,
                0.0,
                1.0
            ]
        ]
    },
    {
        "id": 27,
        "xform": [
            [
                0.9329911900194106,
                -0.21717589415220354,
                0.2869879271770057,
                -1.3507911226364273
            ],
            [
                0.19104282033720835,
                0.9746461079985244,
                0.11648006250398985,
                0.27461265347964847
            ],
            [
                -0.30500832799084127,
                -0.05384788911850841,
                0.9508261274774225,
                -0.542649263848654
            ],
            [
                0.0,
                0.0,
                0.0,
                1.0
            ]
        ]
    },
    {
        "id": 28,
        "xform": [
            [
                0.9070250847366648,
                -0.21832487383913007,
                0.3600551973261511,
                -1.4372736316716415
            ],
            [
                0.21597222233698543,
                0.9752532576952488,
                0.047297806858539904,
                0.22026353533235488
            ],
            [
                -0.36147129185769306,
                0.034861623856784985,
                0.9317312768952206,
                -0.5518061731299333
            ],
            [
                0.0,
                0.0,
                0.0,
                1.0
            ]
        ]
    },
    {
        "id": 29,
        "xform": [
            [
                0.8918795802902609,
                -0.22250637854542574,
                0.39375338191292597,
                -1.4806613910655093
            ],
            [
                0.2294062036380904,
                0.9728641597522207,
                0.030135036120164216,
                0.1972231704759908
            ],
            [
                -0.3897737907987476,
                0.06345264514741938,
                0.9187220220666145,
                -0.5327805608647407
            ],
            [
                0.0,
                0.0,
                0.0,
                1.0
            ]
        ]
    },
    {
        "id": 30,
        "xform": [
            [
                0.883149532600376,
                -0.23926572052468628,
                0.4034833553562524,
                -1.5432299533077682
            ],
            [
                0.23673506128056865,
                0.9699017591235455,
                0.056983229195414487,
                0.16606508003075404
            ],
            [
                -0.40497334952836417,
                0.04519394462596127,
                0.9132108702489927,
                -0.47782850522763987
            ],
            [
                0.0,
                0.0,
                0.0,
                1.0
            ]
        ]
    },
    {
        "id": 31,
        "xform": [
            [
                0.8901457102974017,
                -0.23155614220598564,
                0.39245683513708224,
                -1.6000285186308447
            ],
            [
                0.24709322918210763,
                0.9689264982507142,
                0.011241756089081956,
                0.13647587894037883
            ],
            [
                -0.3828649246555398,
                0.0869666257497056,
                0.9197017209259848,
                -0.41595288679781284
            ],
            [
                0.0,
                0.0,
                0.0,
                1.0
            ]
        ]
    },
    {
        "id": 32,
        "xform": [
            [
                0.871862843934988,
                -0.2517244575429098,
                0.4201071040107774,
                -1.6302624057213402
            ],
            [
                0.29596968141897617,
                0.9542533397493149,
                -0.04245599201559164,
                0.12896086298082543
            ],
            [
                -0.3902013954951264,
                0.16135476767671308,
                0.9064808381326377,
                -0.36178429251545396
            ],
            [
                0.0,
                0.0,
                0.0,
                1.0
            ]
        ]
    },
    {
        "id": 33,
        "xform": [
            [
                0.8478858353194215,
                -0.1859044382490429,
                0.49651701894697814,
                -1.6495895973368775
            ],
            [
                0.29238362170385934,
                0.9451826509640522,
                -0.14540142391290484,
                0.1443635353323547
            ],
            [
                -0.44226850218393415,
                0.2684572520083477,
                0.8557623944881578,
                -0.28262522892392483
            ],
            [
                0.0,
                0.0,
                0.0,
                1.0
            ]
        ]
    },
    {
        "id": 34,
        "xform": [
            [
                0.8738673723822158,
                -0.17844279824781378,
                0.4522322226901696,
                -1.6513751340105527
            ],
            [
                0.2651373424453868,
                0.9546195663136885,
                -0.13566013877356248,
                0.16341958714848215
            ],
            [
                -0.40750215352412417,
                0.23845261869930146,
                0.8815227413451374,
                -0.21722455042615985
            ],
            [
                0.0,
                0.0,
                0.0,
                1.0
            ]
        ]
    },
    {
        "id": 35,
        "xform": [
            [
                0.9307706061443234,
                -0.10944809790850192,
                0.34883691404715106,
                -1.6494494985347363
            ],
            [
                0.18172858629287209,
                0.9664208004511387,
                -0.18167431678521412,
                0.17746836513594744
            ],
            [
                -0.3172393412893845,
                0.2324907531915864,
                0.9194059223317446,
                -0.12739101679270415
            ],
            [
                0.0,
                0.0,
                0.0,
                1.0
            ]
        ]
    },
    {
        "id": 36,
        "xform": [
            [
                0.9098860454219362,
                -0.1499267131326732,
                0.38681955099976906,
                -1.6718041802661097
            ],
            [
                0.22398098097397115,
                0.9623736957731069,
                -0.1538485939030606,
                0.16088861163532997
            ],
            [
                -0.34919894688897246,
                0.2266249111930203,
                0.9092311285467453,
                -0.09790356219676166
            ],
            [
                0.0,
                0.0,
                0.0,
                1.0
            ]
        ]
    },
    {
        "id": 37,
        "xform": [
            [
                0.9346786063085344,
                -0.18656960019490668,
                0.30260153203883106,
                -1.7342093852554539
            ],
            [
                0.2648832495939507,
                0.9332121806442544,
                -0.24280010292778653,
                0.11984304885720265
            ],
            [
                -0.23709231744973064,
                0.3070941389546657,
                0.9216726223697913,
                -0.04963740255602844
            ],
            [
                0.0,
                0.0,
                0.0,
                1.0
            ]
        ]
    },
    {
        "id": 38,
        "xform": [
            [
                0.9434361598255687,
                -0.24047942491303168,
                0.2282495531804644,
                -1.779467212958271
            ],
            [
                0.29908791718507843,
                0.914381279261855,
                -0.2728613089636292,
                0.10226624729153566
            ],
            [
                -0.14308958776750944,
                0.3256939089527941,
                0.9345848530462995,
                -0.008291120034581989
            ],
            [
                0.0,
                0.0,
                0.0,
                1.0
            ]
        ]
    },
    {
        "id": 39,
        "xform": [
            [
                0.8945353211732445,
                -0.31138243925187176,
                0.32069851215594103,
                -1.8136086303902172
            ],
            [
                0.3950118534646963,
                0.8864751224874174,
                -0.24109643886483068,
                0.10416285967242134
            ],
            [
                -0.20921805561629991,
                0.34234899406376534,
                0.9159830628716137,
                0.02831579839915488
            ],
            [
                0.0,
                0.0,
                0.0,
                1.0
            ]
        ]
    },
    {
        "id": 40,
        "xform": [
            [
                0.8282784825221469,
                -0.37702454773399324,
                0.4144963760960843,
                -1.8321097119680798
            ],
            [
                0.48756225206648657,
                0.8494981505880336,
                -0.2015835868997417,
                0.11385663428158721
            ],
            [
                -0.2761119442375947,
                0.3690601340614936,
                0.8874439766519613,
                0.046458585237895256
            ],
            [
                0.0,
                0.0,
                0.0,
                1.0
            ]
        ]
    },
    {
        "id": 41,
        "xform": [
            [
                0.6846631405668834,
                -0.4776703194209893,
                0.5505156218431424,
                -1.8542509488967298
            ],
            [
                0.6261565744826829,
                0.7720643698293026,
                -0.10883268384172928,
                0.13009502108524984
            ],
            [
                -0.37304735380539045,
                0.41922270308790704,
                0.8277004271078178,
                0.06489687206948624
            ],
            [
                0.0,
                0.0,
                0.0,
                1.0
            ]
        ]
    },
    {
        "id": 42,
        "xform": [
            [
                0.5527431247342689,
                -0.5680863663368841,
                0.6097154405467778,
                -1.8810374315363094
            ],
            [
                0.7217364679678693,
                0.6921034708557356,
                -0.009447562368584128,
                0.1449901982712425
            ],
            [
                -0.41661914126004923,
                0.44527594367043777,
                0.7925640826609162,
                0.0826968171367436
            ],
            [
                0.0,
                0.0,
                0.0,
                1.0
            ]
        ]
    },
    {
        "id": 43,
        "xform": [
            [
                0.5137115284616575,
                -0.5845173841197179,
                0.6280444993688183,
                -1.8936297618031246
            ],
            [
                0.7450248887088242,
                0.6669405789642855,
                0.011321631295320267,
                0.14863648097667803
            ],
            [
                -0.4254860523330833,
                0.4620927307290449,
                0.7780950632650119,
                0.09050884893925781
            ],
            [
                0.0,
                0.0,
                0.0,
                1.0
            ]
        ]
    },
    {
        "id": 44,
        "xform": [
            [
                0.4297385889553151,
                -0.6134881428990023,
                0.6625383337475859,
                -1.9525375215389722
            ],
            [
                0.7762574246799214,
                0.6258196168992196,
                0.07598827365725147,
                0.135889741618322
            ],
            [
                -0.4612473910950504,
                0.4816452072080097,
                0.7451635649852737,
                0.12566644383188064
            ],
            [
                0.0,
                0.0,
                0.0,
                1.0
            ]
        ]
    },
    {
        "id": 45,
        "xform": [
            [
                0.4157628030553118,
                -0.5986274788549132,
                0.6846798033792146,
                -2.0078199161029744
            ],
            [
                0.7587788503067283,
                0.6433538924288431,
                0.10173704056957689,
                0.08071471773723826
            ],
            [
                -0.501394004673759,
                0.477222076874558,
                0.7217084878403077,
                0.15559074150102892
            ],
            [
                0.0,
                0.0,
                0.0,
                1.0
            ]
        ]
    },
    {
        "id": 46,
        "xform": [
            [
                0.4016703422618716,
                -0.6322526296687992,
                0.6625085270576663,
                -2.050423807494215
            ],
            [
                0.7699330921363672,
                0.6248445063411452,
                0.12950821027495624,
                0.007780939400293674
            ],
            [
                -0.4958467200461879,
                0.4580676316573551,
                0.7377737288947461,
                0.19622868455700582
            ],
            [
                0.0,
                0.0,
                0.0,
                1.0
            ]
        ]
    },
    {
        "id": 47,
        "xform": [
            [
                0.3875663724108452,
                -0.6435283540263353,
                0.6600481531982748,
                -2.0659696703725463
            ],
            [
                0.7842798690339376,
                0.6064674101970169,
                0.13077601996173593,
                -0.0380627618182241
            ],
            [
                -0.48445577094757314,
                0.46697809149153724,
                0.7397527073708575,
                0.22035690881730707
            ],
            [
                0.0,
                0.0,
                0.0,
                1.0
            ]
        ]
    },
    {
        "id": 48,
        "xform": [
            [
                0.37442436474504054,
                -0.6765428664802432,
                0.6341105147369566,
                -2.0716783662108833
            ],
            [
                0.8215661228288761,
                0.5591192068655252,
                0.11142180367411708,
                -0.0800128375387339
            ],
            [
                -0.42992499451090344,
                0.4792446789780366,
                0.7651725535890829,
                0.2419692187093304
            ],
            [
                0.0,
                0.0,
                0.0,
                1.0
            ]
        ]
    },
    {
        "id": 49,
        "xform": [
            [
                0.3420884529894747,
                -0.6628057180686541,
                0.6660811290126473,
                -2.07089001162631
            ],
            [
                0.8228891488548267,
                0.5535494196266948,
                0.12820487014122195,
                -0.1181921530253256
            ],
            [
                -0.4536837434030961,
                0.5042535276291525,
                0.7347784978109448,
                0.2591555029506749
            ],
            [
                0.0,
                0.0,
                0.0,
                1.0
            ]
        ]
    },
    {
        "id": 50,
        "xform": [
            [
                0.25898692365961473,
                -0.6663671059518025,
                0.6992000096386926,
                -2.062294491760638
            ],
            [
                0.8231659392610169,
                0.530980019031748,
                0.20114187984995144,
                -0.16731413760164005
            ],
            [
                -0.5052955667862691,
                0.5234645159840956,
                0.6860475863172171,
                0.2842091986765185
            ],
            [
                0.0,
                0.0,
                0.0,
                1.0
            ]
        ]
    },
    {
        "id": 51,
        "xform": [
            [
                0.16267220684441341,
                -0.6805131204239794,
                0.7144505903498064,
                -2.0551749130396564
            ],
            [
                0.8191648955780171,
                0.49678006743474107,
                0.2866678190034425,
                -0.19848432235968394
            ],
            [
                -0.5500060244879368,
                0.5386199564909868,
                0.6382647691175052,
                0.30215554039245474
            ],
            [
                0.0,
                0.0,
                0.0,
                1.0
            ]
        ]
    },
    {
        "id": 52,
        "xform": [
            [
                0.10100506051248694,
                -0.6734975092129153,
                0.7322561593014206,
                -2.05068697098662
            ],
            [
                0.794384022227181,
                0.4977084112760565,
                0.3481958681191216,
                -0.23810761165862848
            ],
            [
                -0.5989590995894747,
                0.5465230483969201,
                0.5852867285270552,
                0.32989113703757367
            ],
            [
                0.0,
                0.0,
                0.0,
                1.0
            ]
        ]
    },
    {
        "id": 53,
        "xform": [
            [
                0.06346680572841527,
                -0.6899874865059192,
                0.7210334479314221,
                -2.031607407782718
            ],
            [
                0.741783863193128,
                0.5159448639417523,
                0.4284362235833997,
                -0.31281089443396004
            ],
            [
                -0.6676291372288286,
                0.507659497928848,
                0.5445669557416417,
                0.39262071387766695
            ],
            [
                0.0,
                0.0,
                0.0,
                1.0
            ]
        ]
    },
    {
        "id": 54,
        "xform": [
            [
                0.04303717861132194,
                -0.6923924728506482,
                0.72023639507938,
                -2.0034703164282353
            ],
            [
                0.7320293247182571,
                0.5124602954447954,
                0.44890702082409556,
                -0.3551806784557676
            ],
            [
                -0.6799123980408869,
                0.5079144702923875,
                0.5289064396071327,
                0.4228988494222292
            ],
            [
                0.0,
                0.0,
                0.0,
                1.0
            ]
        ]
    },
    {
        "id": 55,
        "xform": [
            [
                0.04896471015588528,
                -0.6900037877924312,
                0.7221476511015232,
                -1.9744342413774858
            ],
            [
                0.7267796847050924,
                0.5205630131071519,
                0.4481131991860642,
                -0.38852067985368466
            ],
            [
                -0.6851231619638299,
                0.5029005092629162,
                0.5269699523917685,
                0.4485949707722331
            ],
            [
                0.0,
                0.0,
                0.0,
                1.0
            ]
        ]
    },
    {
        "id": 56,
        "xform": [
            [
                0.06898041373532705,
                -0.6680722117658928,
                0.7408921800013349,
                -1.9406452267400538
            ],
            [
                0.7058650108692506,
                0.5574956412717369,
                0.43698191769633554,
                -0.41301064513874297
            ],
            [
                -0.7049796372601521,
                0.4928266732120352,
                0.5100250790101422,
                0.47727377985085495
            ],
            [
                0.0,
                0.0,
                0.0,
                1.0
            ]
        ]
    },
    {
        "id": 57,
        "xform": [
            [
                0.06619932474391864,
                -0.6791888688204368,
                0.7309720445228151,
                -1.8962664940769007
            ],
            [
                0.6810243522275525,
                0.566171617380844,
                0.4643872644091368,
                -0.41985134782507383
