[
    {
        "id": 0,
        "xform": [
            [
                0.9940919283940096,
                -0.041266052705729625,
                0.1003909896154384,
                -0.2727131999999999
            ],
            [
                0.04239636741975555,
                0.9990589618475589,
                -0.00915088966641281,
                0.004421700000000112
            ],
            [
                -0.09991889676877042,
                0.013353038836374287,
                0.9949059806948323,
                -0.020023100000000404
            ],
            [
                0.0,
                0.0,
                0.0,
                1.0
            ]
        ]
    },
    {
        "id": 1,
        "xform": [
            [
                0.9942273855022308,
                -0.04528348487606147,
                0.09726927528710261,
                -0.28303036284371097
            ],
            [
                0.04605283094934912,
                0.998922869477854,
                -0.005677816101386124,
                0.004281001980145943
            ],
            [
                -0.09690739228226765,
                0.010124565749206227,
                0.9952419055131475,
                -0.019497405294341075
            ],
            [
                0.0,
                0.0,
                0.0,
                1.0
            ]
        ]
    },
    {
        "id": 2,
        "xform": [
            [
                0.9931944324279384,
                -0.05132911947330834,
                0.10454731411299148,
                -0.3479225082414571
            ],
            [
                0.0512380362959096,
                0.998680129066587,
                0.0035585733215268145,
                0.0043471479635052435
            ],
            [
                -0.10459198358710246,
                0.0018224438648341001,
                0.9945135472519591,
                -0.013607151446954902
            ],
            [
                0.0,
                0.0,
                0.0,
                1.0
            ]
        ]
    },
    {
        "id": 3,
        "xform": [
            [
                0.9897977793558811,
                -0.05353370294272769,
                0.13203976155463817,
                -0.46986512153170085
            ],
            [
                0.051692407118741936,
                0.9985125722837664,
                0.01733603292353647,
                -0.004931114787309093
            ],
            [
                -0.13277142399039088,
                -0.010333713780412923,
                0.99109281267249,
                -0.009188678376659709
            ],
            [
                0.0,
                0.0,
                0.0,
                1.0
            ]
        ]
    },
    {
        "id": 4,
        "xform": [
            [
                0.9864022881189117,
                -0.06651682697252478,
                0.15028651876759427,
                -0.605285538227498
            ],
            [
                0.06929042948555444,
                0.9975080133070585,
                -0.013289084615293545,
                -0.0034972706656040964
            ],
            [
                -0.14902805902071822,
                0.02352180090282674,
                0.9885531662519749,
                -0.029966426882485298
            ],
            [
                0.0,
                0.0,
                0.0,
                1.0
            ]
        ]
    },
    {
        "id": 5,
        "xform": [
            [
                0.9818569596005824,
                -0.0642161633262242,
                0.17841859558790396,
                -0.7350213467885796
            ],
            [
                0.06381676539752035,
                0.9979297045421313,
                0.007982809446078487,
                0.0219593380115152
            ],
            [
                -0.1785618417750505,
                0.0035481206453908953,
                0.9839222934265628,
                -0.018883509772698037
            ],
            [
                0.0,
                0.0,
                0.0,
                1.0
            ]
        ]
    },
    {
        "id": 6,
        "xform": [
            [
                0.9805231930973598,
                -0.07388589566803083,
                0.18197566381110025,
                -0.8759103551815097
            ],
            [
                0.06772220049201215,
                0.9969075142796422,
                0.03986366181504647,
                0.022271980135602748
            ],
            [
                -0.184358269027124,
                -0.026763452582160174,
                0.9824946545641887,
                0.07365907269050709
            ],
            [
                0.0,
                0.0,
                0.0,
                1.0
            ]
        ]
    },
    {
        "id": 7,
        "xform": [
            [
                0.9788000504453022,
                -0.10654320928178072,
                0.17492571510276142,
                -0.9611158920599407
            ],
            [
                0.10397908053286443,
                0.9942950326649873,
                0.023785264961144525,
                -0.02985135950577464
            ],
            [
                -0.1764619280746243,
                -0.005092403525884248,
                0.9842942930681429,
                0.20701965138559197
            ],
            [
                0.0,
                0.0,
                0.0,
                1.0
            ]
        ]
    },
    {
        "id": 8,
        "xform": [
            [
                0.9637635790989298,
                -0.12204180364447928,
                0.23720362932641353,
                -1.0103106380304672
            ],
            [
                0.11560503603550831,
                0.9924523112462414,
                0.04091314636179755,
                -0.09835477666806022
            ],
            [
                -0.24040640433576016,
                -0.012008666253811029,
                0.9705980386798414,
                0.334720194869107
            ],
            [
                0.0,
                0.0,
                0.0,
                1.0
            ]
        ]
    },
    {
        "id": 9,
        "xform": [
            [
                0.9482589970801188,
                -0.14336811796899923,
                0.2832851164580206,
                -1.0569320726025035
            ],
            [
                0.13970471730734574,
                0.9896363584491806,
                0.03320346363739013,
                -0.15196913521720376
            ],
            [
                -0.2851095691461123,
                0.008090783983768557,
                0.9584607831287861,
                0.44808567636947005
            ],
            [
                0.0,
                0.0,
                0.0,
                1.0
            ]
        ]
    },
    {
        "id": 10,
        "xform": [
            [
                0.9285544145775674,
                -0.17057929219996487,
                0.32968076110241845,
                -1.1045898699847478
            ],
            [
                0.17847948929358326,
                0.98392283804819,
                0.006396926503937916,
                -0.20217280046146321
            ],
            [
                -0.3254716133090758,
                0.05290135952651975,
                0.9440707998292465,
                0.5315241947211002
            ],
            [
                0.0,
                0.0,
                0.0,
                1.0
            ]
        ]
    },
    {
        "id": 11,
        "xform": [
            [
                0.901648966225457,
                -0.19372584413191365,
                0.3866515731507405,
                -1.1387496498065728
            ],
            [
                0.20516549494978634,
                0.978654875895356,
                0.011906030751456909,
                -0.26777458502897145
            ],
            [
                -0.3807049531941686,
                0.06859250105968545,
                0.9221490158384398,
                0.6345839118955747
            ],
            [
                0.0,
                0.0,
                0.0,
                1.0
            ]
        ]
    },
    {
        "id": 12,
        "xform": [
            [
                0.8714679591444496,
                -0.2163536169076992,
                0.440153051375955,
                -1.1577647994709448
            ],
            [
                0.22673890163496035,
                0.9735058674476879,
                0.029593859672178924,
                -0.33291337560177503
            ],
            [
                -0.43489431666783057,
                0.0740097189285393,
                0.8974349529821863,
                0.7617541208517369
            ],
            [
                0.0,
                0.0,
                0.0,
                1.0
            ]
        ]
    },
    {
        "id": 13,
        "xform": [
            [
                0.8390815583767954,
                -0.282331406188766,
                0.46500657572925025,
                -1.1755183036009853
            ],
            [
                0.2790773860977334,
                0.9571323251923389,
                0.07754691896370786,
                -0.3913827184707246
            ],
            [
                -0.4669667557340944,
                0.06470463006138966,
                0.8819043938476514,
                0.8977982645536176
            ],
            [
                0.0,
                0.0,
                0.0,
                1.0
            ]
        ]
    },
    {
        "id": 14,
        "xform": [
            [
                0.7916056482636005,
                -0.2767642628059607,
                0.5447586993069851,
                -1.2005161910376643
            ],
            [
                0.2703175102240185,
                0.9581721922846792,
                0.09399198688537092,
                -0.4236178258528993
            ],
            [
                -0.5479862601411213,
                0.07285322755956108,
                0.8333087458623618,
                1.002854123389585
            ],
            [
                0.0,
                0.0,
                0.0,
                1.0
            ]
        ]
    },
    {
        "id": 15,
        "xform": [
            [
                0.7356347430539453,
                -0.3010518097813555,
                0.6068025483131445,
                -1.2507223476250597
            ],
            [
                0.31347353434939557,
                0.9454152338335708,
                0.08901898054860236,
                -0.4305288203804334
            ],
            [
                -0.6004796983033264,
                0.12473108458914595,
                0.7898520674548879,
                1.1198850594507923
            ],
            [
                0.0,
                0.0,
                0.0,
                1.0
            ]
        ]
    },
    {
        "id": 16,
        "xform": [
            [
                0.7312322040038143,
                -0.28084490883120655,
                0.6216314028516536,
                -1.3017126531761352
            ],
            [
                0.3135019567575892,
                0.9477281968451339,
                0.05939518510648045,
                -0.4469549949015552
            ],
            [
                -0.6058184438731511,
                0.15145098906333232,
                0.7810548066396182,
                1.219379278028605
            ],
            [
                0.0,
                0.0,
                0.0,
                1.0
            ]
        ]
    },
    {
        "id": 17,
        "xform": [
            [
                0.7138064610057289,
                -0.3062883058896263,
                0.6298156951852972,
                -1.3258836561059413
            ],
            [
                0.3371239086361282,
                0.9385211253416383,
                0.07433416114656966,
                -0.45241950274208553
            ],
            [
                -0.6138630192904408,
                0.15926572438138525,
                0.7731795539102779,
                1.2943562196268596
            ],
            [
                0.0,
                0.0,
                0.0,
                1.0
            ]
        ]
    },
    {
        "id": 18,
        "xform": [
            [
                0.6835401164388735,
                -0.3349490620947502,
                0.648522964142811,
                -1.378650177527629
            ],
            [
                0.35918607773321093,
                0.9278256316573887,
                0.10062285427376216,
                -0.46069791662383053
            ],
            [
                -0.6354197595144193,
                0.16416066228367288,
                0.754515080152294,
                1.3481221203508045
            ],
            [
                0.0,
                0.0,
                0.0,
                1.0
            ]
        ]
    },
    {
        "id": 19,
        "xform": [
            [
                0.6581037194133821,
                -0.3551729423112812,
                0.6638913130507278,
                -1.4474818361465696
            ],
            [
                0.36424178223447046,
                0.9218838528206895,
                0.13212905048904838,
                -0.48797326516832185
            ],
            [
                -0.6589593451563829,
                0.1548623355061785,
                0.7360640179173566,
                1.3701025237488802
            ],
            [
                0.0,
                0.0,
                0.0,
                1.0
            ]
        ]
    },
    {
        "id": 20,
        "xform": [
            [
                0.6638735915458125,
                -0.35266477144700087,
                0.6594690390217712,
                -1.4864151605957088
            ],
            [
                0.3752753687490206,
                0.9198598799077385,
                0.1141323746638423,
                -0.5078478911278822
            ],
            [
                -0.6468695788629654,
                0.1717130173177202,
                0.7430170843428122,
                1.3776586795377468
            ],
            [
                0.0,
                0.0,
                0.0,
                1.0
            ]
        ]
    },
    {
        "id": 21,
        "xform": [
            [
                0.6869797429917247,
                -0.3128892639464019,
                0.6558651852523522,
                -1.5564925163385974
            ],
            [
                0.3240412630889189,
                0.9397533265974183,
                0.10890796557104387,
                -0.5414918879346078
            ],
            [
                -0.6504276228257541,
                0.13770981684747263,
                0.7469805310776669,
                1.3900173077364464
            ],
            [
                0.0,
                0.0,
                0.0,
                1.0
            ]
        ]
    },
    {
        "id": 22,
        "xform": [
            [
                0.6584487462055522,
                -0.3080942813125399,
                0.6866754418521505,
                -1.6604488255409242
            ],
            [
                0.31011168493217767,
                0.9423854347207594,
                0.1254608914948842,
                -0.5780982627427531
            ],
            [
                -0.6857667179798551,
                0.13033651157168064,
                0.7160561446300581,
                1.4026013889677382
            ],
            [
                0.0,
                0.0,
                0.0,
                1.0
            ]
        ]
    },
    {
        "id": 23,
        "xform": [
            [
                0.6484434549771759,
                -0.31121298768088873,
                0.694742802766605,
                -1.7476637586412376
            ],
            [
                0.3194990199146339,
                0.9396096222157958,
                0.12269528969393118,
                -0.5979997999159824
            ],
            [
                -0.6909713901246933,
                0.14240868701811793,
                0.7087159543081585,
                1.4086490548356982
            ],
            [
                0.0,
                0.0,
                0.0,
                1.0
            ]
        ]
    },
    {
        "id": 24,
        "xform": [
            [
                0.6515372932247778,
                -0.31359042923292824,
                0.690767832365432,
                -1.8202243952602748
            ],
            [
                0.33189992889343783,
                0.93662389924416,
                0.11215216701070158,
                -0.612617159196009
            ],
            [
                -0.6821595068148363,
                0.15619447512051532,
                0.7143260412472485,
                1.4137917021227153
            ],
            [
                0.0,
                0.0,
                0.0,
                1.0
            ]
        ]
    },
    {
        "id": 25,
        "xform": [
            [
                0.6395413983313537,
                -0.3362422390741426,
                0.6913233371460735,
                -1.9139417816332696
            ],
            [
                0.34683804979195765,
                0.9287510290793817,
                0.13086211522247732,
                -0.6251328965977158
            ],
            [
                -0.6860686314333923,
                0.15608549787343023,
                0.7105963342972684,
                1.434224709945998
            ],
            [
                0.0,
                0.0,
                0.0,
                1.0
            ]
        ]
    },
    {
        "id": 26,
        "xform": [
            [
                0.5869957399696824,
                -0.36754807675487644,
                0.7213490226868239,
                -2.0122876305337716
            ],
            [
                0.380113675651063,
                0.9118126109188539,
                0.15527831835894104,
                -0.6598750411649105
            ],
            [
                -0.7148073830343967,
                0.1830469170544362,
                0.6749401686937762,
                1.4786073348673765
            ],
            [
                0.0,
                0.0,
                0.0,
                1.0
            ]
        ]
    },
    {
        "id": 27,
        "xform": [
            [
                0.5635028056846898,
                -0.3762159294960641,
                0.7354768265410511,
                -2.0626586460054224
            ],
            [
                0.3997169998367889,
                0.9032994216482557,
                0.15580909758869516,
                -0.6848235828558319
            ],
            [
                -0.7229736565234997,
                0.2061837269120419,
                0.6593916611011253,
                1.5231651744452894
            ],
            [
                0.0,
                0.0,
                0.0,
                1.0
            ]
        ]
    },
    {
        "id": 28,
        "xform": [
            [
                0.5244128565385456,
                -0.41165890215621875,
                0.7453375773249457,
                -2.1031260353575565
            ],
            [
                0.4281156368211556,
                0.884143037573484,
                0.18710449117952546,
                -0.7076202020903797
            ],
            [
                -0.7360082590612004,
                0.22097067087256037,
                0.6398935889722848,
                1.5629295372655063
            ],
            [
                0.0,
                0.0,
                0.0,
                1.0
            ]
        ]
    },
    {
        "id": 29,
        "xform": [
            [
                0.46422059539457056,
                -0.42845848178456475,
                0.7751919557105685,
                -2.12787327794052
            ],
            [
                0.4535761552218217,
                0.86674038383602,
                0.20743620330592843,
                -0.7359135792307158
            ],
            [
                -0.7607679739747857,
                0.25531242902501705,
                0.5966972878768975,
                1.5831272795783158
            ],
            [
                0.0,
                0.0,
                0.0,
                1.0
            ]
        ]
    },
    {
        "id": 30,
        "xform": [
            [
                0.38255768816719066,
                -0.4192814885278461,
                0.8233180725588672,
                -2.2081829341869352
            ],
            [
                0.44032991584662856,
                0.8661321315771605,
                0.23648402876326644,
                -0.8065431238050013
            ],
            [
                -0.8122556127443352,
                0.27206279427271574,
                0.5159676884629951,
                1.671533651219797
            ],
            [
                0.0,
                0.0,
                0.0,
                1.0
            ]
        ]
    },
    {
        "id": 31,
        "xform": [
            [
                0.3256429447747021,
                -0.4410290339839853,
                0.8363313121614023,
                -2.2891200131377216
            ],
            [
                0.46384802562193106,
                0.8453043395778258,
                0.2651519990826624,
                -0.851474667708967
            ],
            [
                -0.8238942175091998,
                0.30158575011768796,
                0.47983784102637705,
                1.7397618390406686
            ],
            [
                0.0,
                0.0,
                0.0,
                1.0
            ]
        ]
    },
    {
        "id": 32,
        "xform": [
            [
                0.28967559467614845,
                -0.4489338649230081,
                0.8453084849771174,
                -2.3571389288589266
            ],
            [
                0.4617840279606343,
                0.8391372753026178,
                0.2874093678329744,
                -0.8939567604352608
            ],
            [
                -0.8383576571902182,
                0.3070944775195218,
                0.45038807767029077,
                1.8172604771042256
            ],
            [
                0.0,
                0.0,
                0.0,
                1.0
            ]
        ]
    },
    {
        "id": 33,
        "xform": [
            [
                0.2229183906415687,
                -0.4471557662680922,
                0.8662327122701887,
                -2.3977545657834805
            ],
            [
                0.4682080400245701,
                0.8285022595054123,
                0.307189253149873,
                -0.9516615029670411
            ],
            [
                -0.8550372052549076,
                0.33709898648263753,
                0.39405031524191825,
                1.9290419278308721
            ],
            [
                0.0,
                0.0,
                0.0,
                1.0
            ]
        ]
    },
    {
        "id": 34,
        "xform": [
            [
                0.19619263161787748,
                -0.47203494598252876,
                0.8594716173732108,
                -2.4111797024409314
            ],
            [
                0.4852033890454373,
                0.808413331475574,
                0.3332349872858274,
                -0.9789701155922231
            ],
            [
                -0.8521068727323313,
                0.35164029243508876,
                0.38763769447577123,
                1.9922124540453696
            ],
            [
                0.0,
                0.0,
                0.0,
                1.0
            ]
        ]
    },
    {
        "id": 35,
        "xform": [
            [
                0.139824650342978,
                -0.4735040935530978,
                0.8696222976355443,
                -2.432054257617218
            ],
            [
                0.4576906728867874,
                0.809703159072604,
                0.3672874108110502,
                -1.0586411252164414
            ],
            [
                -0.8780480141250271,
                0.3466621807701335,
                0.329934868291897,
                2.10361601400487
            ],
            [
                0.0,
                0.0,
                0.0,
                1.0
            ]
        ]
    },
    {
        "id": 36,
        "xform": [
            [
                0.08301125631517975,
                -0.4464613493130338,
                0.8909441031257573,
                -2.470417216089863
            ],
            [
                0.48000219812778605,
                0.801400959796285,
                0.3568674704005484,
                -1.1237841146845113
            ],
            [
                -0.8733309917307804,
                0.3980311108533827,
                0.28082772953423407,
                2.1880901777497037
            ],
            [
                0.0,
                0.0,
                0.0,
                1.0
            ]
        ]
    },
    {
        "id": 37,
        "xform": [
            [
                0.03222274107933049,
                -0.4515714990667296,
                0.8916528899678177,
                -2.5070314361311445
            ],
            [
                0.487351766646057,
                0.7859735897550933,
                0.3804389198734269,
                -1.1745737610423626
            ],
            [
                -0.8726109960940795,
                0.42228982634929646,
                0.24540039131504923,
                2.285141044379595
            ],
            [
                0.0,
                0.0,
                0.0,
                1.0
            ]
        ]
    },
    {
        "id": 38,
        "xform": [
            [
                -0.04160692894459104,
                -0.4733000279651794,
                0.8799181478932911,
                -2.5316522919672697
            ],
            [
                0.4857629571431358,
                0.7600060926688421,
                0.43176971706431067,
                -1.2148106564611925
            ],
            [
                -0.8730997726098404,
                0.4453962535028772,
                0.19829010170516562,
                2.373293671708285
            ],
            [
                0.0,
                0.0,
                0.0,
                1.0
            ]
        ]
    },
    {
        "id": 39,
        "xform": [
            [
                -0.1029140213675776,
                -0.4492027959435796,
                0.8874827053652508,
                -2.538691967865004
            ],
            [
                0.4830365225888917,
                0.757385123949093,
                0.4393671492793333,
                -1.2713939376654009
            ],
            [
                -0.8695311507077734,
                0.47390360004655757,
                0.13903580766021179,
                2.4712390404166644
            ],
            [
                0.0,
                0.0,
                0.0,
                1.0
            ]
        ]
    },
    {
        "id": 40,
        "xform": [
            [
                -0.1434462245399966,
                -0.47505653598425485,
                0.8681845819201472,
                -2.5222252584864395
            ],
            [
                0.5012269226945916,
                0.7215505516776515,
                0.47763623537142436,
                -1.303869200694317
            ],
            [
                -0.8533432794786224,
                0.5036726009942539,
                0.1346074231844298,
                2.5490418345402985
            ],
            [
                0.0,
                0.0,
                0.0,
                1.0
            ]
        ]
    },
    {
        "id": 41,
        "xform": [
            [
                -0.23039833548486943,
                -0.45226476111112657,
                0.861610812874872,
                -2.5288118668985327
            ],
            [
                0.4861842892691317,
                0.7134968700725873,
                0.5045265634874848,
                -1.3426933660855382
            ],
            [
                -0.8429362039168036,
                0.535143721119586,
                0.0554955302038983,
                2.6024043754402673
            ],
            [
                0.0,
                0.0,
                0.0,
                1.0
            ]
        ]
    },
    {
        "id": 42,
        "xform": [
            [
                -0.28519928921824467,
                -0.45627489166768265,
                0.8428965468330336,
                -2.5406638818223017
            ],
            [
                0.472041984693447,
                0.6985072153513969,
                0.5378327200800528,
                -1.3650039550356643
            ],
            [
                -0.8341688858475119,
                0.5512720683434642,
                0.016167144096566693,
                2.667578659962196
            ],
            [
                0.0,
                0.0,
                0.0,
                1.0
            ]
        ]
    },
    {
        "id": 43,
        "xform": [
            [
                -0.319032057579085,
                -0.4412937585312911,
                0.8387361712232172,
                -2.567415477715152
            ],
            [
                0.47528574765806586,
                0.6911567200771727,
                0.5444316728160458,
                -1.4217281478089667
            ],
            [
                -0.8199524402731956,
                0.5723305050174164,
                -0.01076051655544949,
                2.7803978430446965
            ],
            [
                0.0,
                0.0,
                0.0,
                1.0
            ]
        ]
    },
    {
        "id": 44,
        "xform": [
            [
                -0.33969908683396105,
                -0.43354494854491954,
                0.8346516087538297,
                -2.567899479163789
            ],
            [
                0.46055266547266127,
                0.6970744845776404,
                0.5495256183990369,
                -1.4703991974561728
            ],
            [
                -0.8200583959268996,
                0.5710743739146417,
                -0.037125284211707965,
                2.8611263675502077
            ],
            [
                0.0,
                0.0,
                0.0,
                1.0
            ]
        ]
    },
    {
        "id": 45,
        "xform": [
            [
                -0.37418246681231954,
                -0.41615270752594463,
                0.8287366321993209,
                -2.5452760214501313
            ],
            [
                0.4392586323490691,
                0.707509916228307,
                0.5536077784365382,
                -1.5120104528520524
            ],
            [
                -0.8167247611264594,
                0.5711800438193191,
                -0.08193913659227689,
                2.9161303000046894
            ],
            [
                0.0,
                0.0,
                0.0,
                1.0
            ]
        ]
    },
    {
        "id": 46,
        "xform": [
            [
                -0.41799225667483303,
                -0.3845401856874688,
                0.823050009994124,
                -2.4863756984673104
            ],
            [
                0.4519377252530297,
                0.6979048960358074,
                0.555590720388998,
                -1.5795418414350373
            ],
            [
                -0.7880575904418391,
                0.6041999682892212,
                -0.11793062565044957,
                3.0233269114650025
            ],
            [
                0.0,
                0.0,
                0.0,
                1.0
            ]
        ]
    },
    {
        "id": 47,
        "xform": [
            [
                -0.40131331478067406,
                -0.40691297886999284,
                0.8205909157472412,
                -2.4423408521702545
            ],
            [
                0.45230879859064654,
                0.6910016090946424,
                0.5638559452077281,
                -1.6278633534347988
            ],
            [
                -0.796469945507822,
                0.5974433896661367,
                -0.09325782566092289,
                3.103955341870484
            ],
            [
                0.0,
                0.0,
                0.0,
                1.0
            ]
        ]
    },
    {
        "id": 48,
        "xform": [
            [
                -0.3797984229634832,
                -0.4331847866788591,
                0.8173763505903765,
                -2.4059075561910177
            ],
            [
                0.42891320562025065,
                0.7004084992389008,
                0.5704922402964574,
                -1.6712204594870048
            ],
            [
                -0.8196259024451406,
                0.5672555639073993,
                -0.08021536796080062,
                3.2038954554328924
            ],
            [
                0.0,
                0.0,
                0.0,
                1.0
            ]
        ]
    },
    {
        "id": 49,
        "xform": [
            [
                -0.40018697247864793,
                -0.4429641205837812,
                0.8022675208020145,
                -2.3840973645842216
            ],
            [
                0.4292611530081134,
                0.6828445452451036,
                0.5911498875472723,
                -1.711014995639942
            ],
            [
                -0.8096821904775471,
                0.5809527647790693,
                -0.08311820209217818,
                3.3135413875710586
            ],
            [
                0.0,
                0.0,
                0.0,
                1.0
            ]
        ]
    },
    {
        "id": 50,
        "xform": [
            [
                -0.4466706853723845,
                -0.4279977004457858,
                0.7856864942469635,
                -2.3549630206858083
            ],
            [
                0.419252010588595,
                0.675648900884231,
                0.6064044148514681,
                -1.7482977942721414
            ],
            [
                -0.7903879113741461,
                0.6002637179998889,
                -0.12235366118986696,
                3.4174004407718264
            ],
            [
                0.0,
                0.0,
                0.0,
                1.0
            ]
        ]
    },
    {
        "id": 51,
        "xform": [
            [
                -0.4924913104968225,
                -0.3930652631641128,
                0.776499844158934,
                -2.3319168104449446
            ],
            [
                0.4262808425252117,
                0.6689099642711617,
                0.6089697061387773,
                -1.7736448700020047
            ],
            [
                -0.7587733208153261,
                0.6309192964179172,
                -0.16187615335929506,
                3.4554742893490125
            ],
            [
                0.0,
                0.0,
                0.0,
                1.0
            ]
        ]
    },
    {
        "id": 52,
        "xform": [
            [
                -0.5949932503438073,
                -0.33416835767796454,
                0.7309682214516057,
                -2.246626160087592
            ],
            [
                0.4223183348808336,
                0.6438140489508695,
                0.638083610819905,
                -1.7946413946659798
            ],
            [
                -0.6838349625960869,
                0.6883567237270944,
                -0.24193958921786393,
                3.509047892118053
            ],
            [
                0.0,
                0.0,
                0.0,
                1.0
            ]
        ]
    },
    {
        "id": 53,
        "xform": [
            [
                -0.705189981820504,
                -0.33266252645440536,
                0.6261331591865814,
                -2.119351507930931
            ],
            [
                0.38855026310842367,
                0.5573676336139635,
                0.7337370196725423,
                -1.7813840274469603
            ],
            [
                -0.5930731679804537,
                0.7607081993067657,
                -0.26379395923539617,
                3.538168591505618
            ],
            [
                0.0,
                0.0,
                0.0,
                1.0
            ]
        ]
    },
    {
        "id": 54,
        "xform": [
            [
                -0.7734030819621148,
                -0.2702713246142773,
                0.5734117926087204,
                -1.9868286111482232
            ],
            [
                0.36132195378431153,
                0.5552851738271439,
                0.7490693034968436,
                -1.7850339581909753
            ],
            [
                -0.5208590198172536,
                0.7865187771560209,
                -0.3318043017442773,
                3.5489671948358454
            ],
            [
                0.0,
                0.0,
                0.0,
                1.0
            ]
        ]
    },
    {
        "id": 55,
        "xform": [
            [
                -0.8158151586736644,
                -0.23697270578616675,
                0.5275315759181117,
                -1.857063380067972
            ],
            [
                0.33297637663684226,
                0.5533398834685228,
                0.7635061924862439,
                -1.7877433006496966
            ],
            [
                -0.47283438906245323,
                0.7985354782822263,
                -0.3725167518978336,
                3.5723606611486955
            ],
            [
                0.0,
                0.0,
                0.0,
                1.0
            ]
        ]
    },
    {
        "id": 56,
        "xform": [
            [
                -0.8756364064081175,
                -0.20664751124148253,
                0.43652913977234037,
                -1.7746226985559557
            ],
            [
                0.2617100993739403,
                0.5566244441916871,
                0.7884649973296072,
                -1.7649188584672182
            ],
            [
                -0.40591711919843976,
                0.804652741389723,
                -0.43331888732853885,
                3.5673868426062674
            ],
            [
                0.0,
                0.0,
                0.0,
                1.0
            ]
        ]
    },
    {
        "id": 57,
        "xform": [
            [
                -0.9279867315113907,
                -0.1630720134882585,
                0.335034542332117,
                -1.6802478541884047
            ],
            [
                0.19715567587707816,
                0.5480828575618644,
                0.8128559655414194,
                -1.743571524004611
            ],
            [
